28.19908700104611,1023,1023
28.19908700104611,1023,1023
28.19908700104611,1023,1023
28.19908700104611,1023,1023
28.19908700104611,1023,1023
28.19908700104611,1023,1023
28.19908700104611,1023,1023
28.19908700104611,1023,1023
28.19908700104611,1023,1023
28.19908700104611,1023,1023
28.19908700104611,1023,1023
28.19908700104611,1023,1023
28.19908700104611,1023,1023
28.19908700104611,1023,1023
28.19908700104611,1023,1023
28.19908700104611,1023,1023
28.19908700104611,1023,1023
28.19908700104611,1023,1023
28.19908700104611,1023,1023
28.19908700104611,1023,1023
28.19908700104611,1023,1023
28.19908700104611,1023,1023
28.19908700104611,1023,1023
28.19908700104611,1023,1023
28.19908700104611,1023,1023
28.19908700104611,1023,1023
28.19908700104611,1023,1023
28.19908700104611,1023,1023
28.19908700104611,1023,1023
28.19908700104611,1023,1023
28.19908700104611,1023,1023
28.19908700104611,1023,1023
28.19908700104611,1023,1023
28.19908700104611,1023,1023
28.19908700104611,1023,1023
28.19908700104611,1023,1023
28.19908700104611,1023,1023
28.19908700104611,1023,1023
28.19908700104611,1023,1023
28.19908700104611,1023,1023
28.19908700104611,1023,1023
28.19908700104611,1023,1023
28.19908700104611,1023,1023
28.19908700104611,1023,1023
28.19908700104611,1023,1023
28.19908700104611,1023,1023
28.19908700104611,1023,1023
28.19908700104611,1023,1023
28.19908700104611,1023,1023
28.19908700104611,1023,1023
28.19908700104611,1023,1023
28.19908700104611,1023,1023
28.19908700104611,1023,1023
28.19908700104611,1023,1023
28.19908700104611,1023,1023
28.19908700104611,1023,1023
28.19908700104611,1023,1023
28.19908700104611,1023,1023
28.19908700104611,1023,1023
28.19908700104611,1023,1023
28.19908700104611,1023,1023
28.19908700104611,1023,1023
28.19908700104611,1023,1023
28.19908700104611,1023,1023
28.19908700104611,1023,1023
28.19908700104611,1023,1023
28.19908700104611,1023,1023
28.19908700104611,1023,1023
28.19908700104611,1023,1023
28.19908700104611,1023,1023
28.19908700104611,1023,1023
28.19908700104611,1023,1023
28.19908700104611,1023,1023
28.19908700104611,1023,1023
28.19908700104611,1023,1023
28.19908700104611,1023,1023
28.19908700104611,1023,1023
28.19908700104611,1023,1023
28.19908700104611,1023,1023
28.19908700104611,1023,1023
28.19908700104611,1023,1023
28.19908700104611,1023,1023
28.19908700104611,1023,1023
28.19908700104611,1023,1023
28.19908700104611,1023,1023
28.19908700104611,1023,1023
28.19908700104611,1023,1023
28.19908700104611,1023,1023
28.19908700104611,1023,1023
28.19908700104611,1023,1023
28.19908700104611,1023,1023
28.19908700104611,1023,1023
28.19908700104611,1023,1023
28.19908700104611,1023,1023
28.19908700104611,1023,1023
28.19908700104611,1023,1023
28.19908700104611,1023,1023
28.19908700104611,1023,1023
28.19908700104611,1023,1023
28.19908700104611,1023,1023
28.19908700104611,1023,1023
28.19908700104611,1023,1023
28.19908700104611,1023,1023
28.19908700104611,1023,1023
28.19908700104611,1023,1023
28.19908700104611,1023,1023
28.19908700104611,1023,1023
28.19908700104611,1023,1023
28.19908700104611,1023,1023
28.19908700104611,1023,1023
28.19908700104611,1023,1023
28.19908700104611,1023,1023
28.19908700104611,1023,1023
28.19908700104611,1023,1023
28.19908700104611,1023,1023
28.19908700104611,1023,1023
28.19908700104611,1023,1023
28.19908700104611,1023,1023
28.19908700104611,1023,1023
28.19908700104611,1023,1023
28.19908700104611,1023,1023
28.19908700104611,1023,1023
28.19908700104611,1023,1023
28.19908700104611,1023,1023
28.19908700104611,1023,1023
28.19908700104611,1023,1023
28.19908700104611,1023,1023
28.19908700104611,1023,1023
28.19908700104611,1023,1023
28.19908700104611,1023,1023
28.19908700104611,1023,1023
28.19908700104611,1023,1023
28.19908700104611,1023,1023
28.19908700104611,1023,1023
28.19908700104611,1023,1023
28.19908700104611,1023,1023
28.19908700104611,1023,1023
28.19908700104611,1023,1023
28.19908700104611,1023,1023
28.19908700104611,1023,1023
28.19908700104611,1023,1023
28.19908700104611,1023,1023
28.19908700104611,1023,1023
28.19908700104611,1023,1023
28.19908700104611,1023,1023
28.19908700104611,1023,1023
28.19908700104611,1023,1023
28.19908700104611,1023,1023
28.19908700104611,1023,1023
28.19908700104611,1023,1023
28.19908700104611,1023,1023
28.19908700104611,1023,1023
28.19908700104611,1023,1023
28.19908700104611,1023,1023
28.19908700104611,1023,1023
28.19908700104611,1023,1023
28.19908700104611,1023,1023
28.19908700104611,1023,1023
28.19908700104611,1023,1023
28.19908700104611,1023,1023
28.19908700104611,1023,1023
28.19908700104611,1023,1023
28.19908700104611,1023,1023
28.19908700104611,1023,1023
28.19908700104611,1023,1023
28.19908700104611,1023,1023
28.19908700104611,1023,1023
28.19908700104611,1023,1023
28.19908700104611,1023,1023
28.19908700104611,1023,1023
28.19908700104611,1023,1023
28.19908700104611,1023,1023
28.19908700104611,1023,1023
28.19908700104611,1023,1023
28.19908700104611,1023,1023
28.19908700104611,1023,1023
28.19908700104611,1023,1023
28.19908700104611,1023,1023
28.19908700104611,1023,1023
28.19908700104611,1023,1023
28.19908700104611,1023,1023
28.19908700104611,1023,1023
28.19908700104611,1023,1023
28.19908700104611,1023,1023
28.19908700104611,1023,1023
28.19908700104611,1023,1023
28.19908700104611,1023,1023
28.19908700104611,1023,1023
28.19908700104611,1023,1023
28.19908700104611,1023,1023
28.19908700104611,1023,1023
28.19908700104611,1023,1023
28.19908700104611,1023,1023
28.19908700104611,1023,1023
28.19908700104611,1023,1023
28.19908700104611,1023,1023
28.19908700104611,1023,1023
28.19908700104611,1023,1023
28.19908700104611,1023,1023
28.19908700104611,1023,1023
28.19908700104611,1023,1023
28.19908700104611,1023,1023
28.19908700104611,1023,1023
28.19908700104611,1023,1023
28.19908700104611,1023,1023
28.19908700104611,1023,1023
28.19908700104611,1023,1023
28.19908700104611,1023,1023
28.19908700104611,1023,1023
28.19908700104611,1023,1023
28.19908700104611,1023,1023
28.19908700104611,1023,1023
28.19908700104611,1023,1023
28.19908700104611,1023,1023
28.19908700104611,1023,1023
28.19908700104611,1023,1023
28.19908700104611,1023,1023
28.19908700104611,1023,1023
28.19908700104611,1023,1023
28.19908700104611,1023,1023
28.19908700104611,1023,1023
28.19908700104611,1023,1023
28.19908700104611,1023,1023
28.19908700104611,1023,1023
28.19908700104611,1023,1023
28.19908700104611,1023,1023
28.19908700104611,1023,1023
28.19908700104611,1023,1023
28.19908700104611,1023,1023
28.19908700104611,1023,1023
28.19908700104611,1023,1023
28.19908700104611,1023,1023
28.19908700104611,1023,1023
28.19908700104611,1023,1023
28.19908700104611,1023,1023
28.19908700104611,1023,1023
28.19908700104611,1023,1023
28.19908700104611,1023,1023
28.19908700104611,1023,1023
28.19908700104611,1023,1023
28.19908700104611,1023,1023
28.19908700104611,1023,1023
28.19908700104611,1023,1023
28.19908700104611,1023,1023
28.19908700104611,1023,1023
28.19908700104611,1023,1023
28.19908700104611,1023,1023
28.19908700104611,1023,1023
28.19908700104611,1023,1023
28.19908700104611,1023,1023
28.19908700104611,1023,1023
28.19908700104611,1023,1023
28.19908700104611,1023,1023
28.19908700104611,1023,1023
28.19908700104611,1023,1023
28.19908700104611,1023,1023
28.19908700104611,1023,1023
28.19908700104611,1023,1023
28.19908700104611,1023,1023
28.19908700104611,1023,1023
28.19908700104611,1023,1023
28.19908700104611,1023,1023
28.19908700104611,1023,1023
28.19908700104611,1023,1023
28.19908700104611,1023,1023
28.19908700104611,1023,1023
28.19908700104611,1023,1023
28.19908700104611,1023,1023
28.19908700104611,1023,1023
28.19908700104611,1023,1023
28.19908700104611,1023,1023
28.19908700104611,1023,1023
28.19908700104611,1023,1023
28.19908700104611,1023,1023
28.19908700104611,1023,1023
28.19908700104611,1023,1023
28.19908700104611,1023,1023
28.19908700104611,1023,1023
28.19908700104611,1023,1023
28.19908700104611,1023,1023
28.19908700104611,1023,1023
28.19908700104611,1023,1023
28.19908700104611,1023,1023
28.19908700104611,1023,1023
28.19908700104611,1023,1023
28.19908700104611,1023,1023
28.19908700104611,1023,1023
28.19908700104611,1023,1023
28.19908700104611,1023,1023
28.19908700104611,1023,1023
28.19908700104611,1023,1023
28.19908700104611,1023,1023
28.19908700104611,1023,1023
28.19908700104611,1023,1023
28.19908700104611,1023,1023
28.19908700104611,1023,1023
28.19908700104611,1023,1023
28.19908700104611,1023,1023
28.19908700104611,1023,1023
28.19908700104611,1023,1023
28.19908700104611,1023,1023
28.19908700104611,1023,1023
28.19908700104611,1023,1023
28.19908700104611,1023,1023
28.19908700104611,1023,1023
28.19908700104611,1023,1023
28.19908700104611,1023,1023
28.19908700104611,1023,1023
28.19908700104611,1023,1023
28.19908700104611,1023,1023
28.19908700104611,1023,1023
28.19908700104611,1023,1023
28.19908700104611,1023,1023
28.19908700104611,1023,1023
28.19908700104611,1023,1023
28.19908700104611,1023,1023
28.19908700104611,1023,1023
28.19908700104611,1023,1023
28.19908700104611,1023,1023
28.19908700104611,1023,1023
28.19908700104611,1023,1023
28.19908700104611,1023,1023
28.19908700104611,1023,1023
28.19908700104611,1023,1023
28.19908700104611,1023,1023
28.19908700104611,1023,1023
28.19908700104611,1023,1023
28.19908700104611,1023,1023
28.19908700104611,1023,1023
28.19908700104611,1023,1023
28.19908700104611,1023,1023
28.19908700104611,1023,1023
28.19908700104611,1023,1023
28.19908700104611,1023,1023
28.19908700104611,1023,1023
28.19908700104611,1023,1023
28.19908700104611,1023,1023
28.19908700104611,1023,1023
28.19908700104611,1023,1023
28.19908700104611,1023,1023
28.19908700104611,1023,1023
28.19908700104611,1023,1023
28.19908700104611,1023,1023
28.19908700104611,1023,1023
28.19908700104611,1023,1023
28.19908700104611,1023,1023
28.19908700104611,1023,1023
28.19908700104611,1023,1023
28.19908700104611,1023,1023
28.19908700104611,1023,1023
28.19908700104611,1023,1023
28.19908700104611,1023,1023
28.19908700104611,1023,1023
28.19908700104611,1023,1023
28.19908700104611,1023,1023
28.19908700104611,1023,1023
28.19908700104611,1023,1023
28.19908700104611,1023,1023
28.19908700104611,1023,1023
28.19908700104611,1023,1023
28.19908700104611,1023,1023
28.19908700104611,1023,1023
28.19908700104611,1023,1023
28.19908700104611,1023,1023
28.19908700104611,1023,1023
28.19908700104611,1023,1023
28.19908700104611,1023,1023
28.19908700104611,1023,1023
28.19908700104611,1023,1023
28.19908700104611,1023,1023
28.19908700104611,1023,1023
28.19908700104611,1023,1023
28.19908700104611,1023,1023
28.19908700104611,1023,1023
28.19908700104611,1023,1023
28.19908700104611,1023,1023
28.19908700104611,1023,1023
28.19908700104611,1023,1023
28.19908700104611,1023,1023
28.19908700104611,1023,1023
28.19908700104611,1023,1023
28.19908700104611,1023,1023
28.19908700104611,1023,1023
28.19908700104611,1023,1023
28.19908700104611,1023,1023
28.19908700104611,1023,1023
28.19908700104611,1023,1023
28.19908700104611,1023,1023
28.19908700104611,1023,1023
28.19908700104611,1023,1023
28.19908700104611,1023,1023
28.19908700104611,1023,1023
28.19908700104611,1023,1023
28.19908700104611,1023,1023
28.19908700104611,1023,1023
28.19908700104611,1023,1023
28.19908700104611,1023,1023
28.19908700104611,1023,1023
28.19908700104611,1023,1023
28.19908700104611,1023,1023
28.19908700104611,1023,1023
28.19908700104611,1023,1023
28.19908700104611,1023,1023
28.19908700104611,1023,1023
28.19908700104611,1023,1023
28.19908700104611,1023,1023
28.19908700104611,1023,1023
28.19908700104611,1023,1023
28.19908700104611,1023,1023
28.19908700104611,1023,1023
28.19908700104611,1023,1023
28.19908700104611,1023,1023
28.19908700104611,1023,1023
28.19908700104611,1023,1023
28.19908700104611,1023,1023
28.19908700104611,1023,1023
28.19908700104611,1023,1023
28.19908700104611,1023,1023
28.19908700104611,1023,1023
28.19908700104611,1023,1023
28.19908700104611,1023,1023
28.19908700104611,1023,1023
28.19908700104611,1023,1023
28.19908700104611,1023,1023
28.19908700104611,1023,1023
28.19908700104611,1023,1023
28.19908700104611,1023,1023
28.19908700104611,1023,1023
28.19908700104611,1023,1023
28.19908700104611,1023,1023
28.19908700104611,1023,1023
28.19908700104611,1023,1023
28.19908700104611,1023,1023
28.19908700104611,1023,1023
28.19908700104611,1023,1023
28.19908700104611,1023,1023
28.19908700104611,1023,1023
28.19908700104611,1023,1023
28.19908700104611,1023,1023
28.19908700104611,1023,1023
28.19908700104611,1023,1023
28.19908700104611,1023,1023
28.19908700104611,1023,1023
28.19908700104611,1023,1023
28.19908700104611,1023,1023
28.19908700104611,1023,1023
28.19908700104611,1023,1023
28.19908700104611,1023,1023
28.19908700104611,1023,1023
28.19908700104611,1023,1023
28.19908700104611,1023,1023
28.19908700104611,1023,1023
28.19908700104611,1023,1023
28.19908700104611,1023,1023
28.19908700104611,1023,1023
28.19908700104611,1023,1023
28.19908700104611,1023,1023
28.19908700104611,1023,1023
28.19908700104611,1023,1023
28.19908700104611,1023,1023
28.19908700104611,1023,1023
28.19908700104611,1023,1023
28.19908700104611,1023,1023
28.19908700104611,1023,1023
28.19908700104611,1023,1023
28.19908700104611,1023,1023
28.19908700104611,1023,1023
28.19908700104611,1023,1023
28.19908700104611,1023,1023
28.19908700104611,1023,1023
28.19908700104611,1023,1023
28.19908700104611,1023,1023
28.19908700104611,1023,1023
28.19908700104611,1023,1023
28.19908700104611,1023,1023
28.19908700104611,1023,1023
28.19908700104611,1023,1023
28.19908700104611,1023,1023
28.19908700104611,1023,1023
28.19908700104611,1023,1023
28.19908700104611,1023,1023
28.19908700104611,1023,1023
28.19908700104611,1023,1023
28.19908700104611,1023,1023
28.19908700104611,1023,1023
28.19908700104611,1023,1023
28.19908700104611,1023,1023
28.19908700104611,1023,1023
28.19908700104611,1023,1023
28.19908700104611,1023,1023
28.19908700104611,1023,1023
28.19908700104611,1023,1023
28.19908700104611,1023,1023
28.19908700104611,1023,1023
28.19908700104611,1023,1023
28.19908700104611,1023,1023
28.19908700104611,1023,1023
28.19908700104611,1023,1023
28.19908700104611,1023,1023
28.19908700104611,1023,1023
28.19908700104611,1023,1023
28.19908700104611,1023,1023
28.19908700104611,1023,1023
28.19908700104611,1023,1023
28.19908700104611,1023,1023
28.19908700104611,1023,1023
28.19908700104611,1023,1023
28.19908700104611,1023,1023
28.19908700104611,1023,1023
28.19908700104611,1023,1023
28.19908700104611,1023,1023
28.19908700104611,1023,1023
28.19908700104611,1023,1023
28.19908700104611,1023,1023
28.19908700104611,1023,1023
28.19908700104611,1023,1023
28.19908700104611,1023,1023
28.19908700104611,1023,1023
28.19908700104611,1023,1023
28.19908700104611,1023,1023
28.19908700104611,1023,1023
28.19908700104611,1023,1023
28.19908700104611,1023,1023
28.19908700104611,1023,1023
28.19908700104611,1023,1023
28.19908700104611,1023,1023
28.19908700104611,1023,1023
28.19908700104611,1023,1023
28.19908700104611,1023,1023
28.19908700104611,1023,1023
28.19908700104611,1023,1023
28.19908700104611,1023,1023
28.19908700104611,1023,1023
28.19908700104611,1023,1023
28.19908700104611,1023,1023
28.19908700104611,1023,1023
28.19908700104611,1023,1023
28.19908700104611,1023,1023
28.19908700104611,1023,1023
28.19908700104611,1023,1023
28.19908700104611,1023,1023
28.19908700104611,1023,1023
28.19908700104611,1023,1023
28.19908700104611,1023,1023
28.19908700104611,1023,1023
28.19908700104611,1023,1023
28.19908700104611,1023,1023
28.19908700104611,1023,1023
28.19908700104611,1023,1023
28.19908700104611,1023,1023
28.19908700104611,1023,1023
28.19908700104611,1023,1023
28.19908700104611,1023,1023
28.19908700104611,1023,1023
28.19908700104611,1023,1023
28.19908700104611,1023,1023
28.19908700104611,1023,1023
28.19908700104611,1023,1023
28.19908700104611,1023,1023
28.19908700104611,1023,1023
28.19908700104611,1023,1023
28.19908700104611,1023,1023
28.19908700104611,1023,1023
28.19908700104611,1023,1023
28.19908700104611,1023,1023
28.19908700104611,1023,1023
28.19908700104611,1023,1023
28.19908700104611,1023,1023
28.19908700104611,1023,1023
28.19908700104611,1023,1023
28.19908700104611,1023,1023
28.19908700104611,1023,1023
28.19908700104611,1023,1023
28.19908700104611,1023,1023
28.19908700104611,1023,1023
28.19908700104611,1023,1023
28.19908700104611,1023,1023
28.19908700104611,1023,1023
28.19908700104611,1023,1023
28.19908700104611,1023,1023
28.19908700104611,1023,1023
28.19908700104611,1023,1023
28.19908700104611,1023,1023
28.19908700104611,1023,1023
28.19908700104611,1023,1023
28.19908700104611,1023,1023
28.19908700104611,1023,1023
28.19908700104611,1023,1023
28.19908700104611,1023,1023
28.19908700104611,1023,1023
28.19908700104611,1023,1023
28.19908700104611,1023,1023
28.19908700104611,1023,1023
28.19908700104611,1023,1023
28.19908700104611,1023,1023
28.19908700104611,1023,1023
28.19908700104611,1023,1023
28.19908700104611,1023,1023
28.19908700104611,1023,1023
28.19908700104611,1023,1023
28.19908700104611,1023,1023
28.19908700104611,1023,1023
28.19908700104611,1023,1023
28.19908700104611,1023,1023
28.19908700104611,1023,1023
28.19908700104611,1023,1023
28.19908700104611,1023,1023
28.19908700104611,1023,1023
28.19908700104611,1023,1023
28.19908700104611,1023,1023
28.19908700104611,1023,1023
28.19908700104611,1023,1023
28.19908700104611,1023,1023
28.19908700104611,1023,1023
28.19908700104611,1023,1023
28.19908700104611,1023,1023
28.19908700104611,1023,1023
28.19908700104611,1023,1023
28.19908700104611,1023,1023
28.19908700104611,1023,1023
28.19908700104611,1023,1023
28.19908700104611,1023,1023
28.19908700104611,1023,1023
28.19908700104611,1023,1023
28.19908700104611,1023,1023
28.19908700104611,1023,1023
28.19908700104611,1023,1023
28.19908700104611,1023,1023
28.19908700104611,1023,1023
28.19908700104611,1023,1023
28.19908700104611,1023,1023
28.19908700104611,1023,1023
28.19908700104611,1023,1023
28.19908700104611,1023,1023
28.19908700104611,1023,1023
28.19908700104611,1023,1023
28.19908700104611,1023,1023
28.19908700104611,1023,1023
28.19908700104611,1023,1023
28.19908700104611,1023,1023
28.19908700104611,1023,1023
28.19908700104611,1023,1023
28.19908700104611,1023,1023
28.19908700104611,1023,1023
28.19908700104611,1023,1023
28.19908700104611,1023,1023
28.19908700104611,1023,1023
28.19908700104611,1023,1023
28.19908700104611,1023,1023
28.19908700104611,1023,1023
28.19908700104611,1023,1023
28.19908700104611,1023,1023
28.19908700104611,1023,1023
28.19908700104611,1023,1023
28.19908700104611,1023,1023
28.19908700104611,1023,1023
28.19908700104611,1023,1023
28.19908700104611,1023,1023
28.19908700104611,1023,1023
28.19908700104611,1023,1023
28.19908700104611,1023,1023
28.19908700104611,1023,1023
28.19908700104611,1023,1023
28.19908700104611,1023,1023
28.19908700104611,1023,1023
28.19908700104611,1023,1023
28.19908700104611,1023,1023
28.19908700104611,1023,1023
28.19908700104611,1023,1023
28.19908700104611,1023,1023
28.19908700104611,1023,1023
28.19908700104611,1023,1023
28.19908700104611,1023,1023
28.19908700104611,1023,1023
28.19908700104611,1023,1023
28.19908700104611,1023,1023
28.19908700104611,1023,1023
28.19908700104611,1023,1023
28.19908700104611,1023,1023
28.19908700104611,1023,1023
28.19908700104611,1023,1023
28.19908700104611,1023,1023
28.19908700104611,1023,1023
28.19908700104611,1023,1023
28.19908700104611,1023,1023
28.19908700104611,1023,1023
28.19908700104611,1023,1023
28.19908700104611,1023,1023
28.19908700104611,1023,1023
28.19908700104611,1023,1023
28.19908700104611,1023,1023
28.19908700104611,1023,1023
28.19908700104611,1023,1023
28.19908700104611,1023,1023
28.19908700104611,1023,1023
28.19908700104611,1023,1023
28.19908700104611,1023,1023
28.19908700104611,1023,1023
28.19908700104611,1023,1023
28.19908700104611,1023,1023
28.19908700104611,1023,1023
28.19908700104611,1023,1023
28.19908700104611,1023,1023
28.19908700104611,1023,1023
28.19908700104611,1023,1023
28.19908700104611,1023,1023
28.19908700104611,1023,1023
28.19908700104611,1023,1023
28.19908700104611,1023,1023
28.19908700104611,1023,1023
28.19908700104611,1023,1023
28.19908700104611,1023,1023
28.19908700104611,1023,1023
28.19908700104611,1023,1023
28.19908700104611,1023,1023
28.19908700104611,1023,1023
28.19908700104611,1023,1023
28.19908700104611,1023,1023
28.19908700104611,1023,1023
28.19908700104611,1023,1023
28.19908700104611,1023,1023
28.19908700104611,1023,1023
28.19908700104611,1023,1023
28.19908700104611,1023,1023
28.19908700104611,1023,1023
28.19908700104611,1023,1023
28.19908700104611,1023,1023
28.19908700104611,1023,1023
28.19908700104611,1023,1023
28.19908700104611,1023,1023
28.19908700104611,1023,1023
28.19908700104611,1023,1023
28.19908700104611,1023,1023
28.19908700104611,1023,1023
28.19908700104611,1023,1023
28.19908700104611,1023,1023
28.19908700104611,1023,1023
28.19908700104611,1023,1023
28.19908700104611,1023,1023
28.19908700104611,1023,1023
28.19908700104611,1023,1023
28.19908700104611,1023,1023
28.19908700104611,1023,1023
28.19908700104611,1023,1023
28.19908700104611,1023,1023
28.19908700104611,1023,1023
28.19908700104611,1023,1023
28.19908700104611,1023,1023
28.19908700104611,1023,1023
28.19908700104611,1023,1023
28.19908700104611,1023,1023
28.19908700104611,1023,1023
28.19908700104611,1023,1023
28.19908700104611,1023,1023
28.19908700104611,1023,1023
28.19908700104611,1023,1023
28.19908700104611,1023,1023
28.19908700104611,1023,1023
28.19908700104611,1023,1023
28.19908700104611,1023,1023
28.19908700104611,1023,1023
28.19908700104611,1023,1023
28.19908700104611,1023,1023
28.19908700104611,1023,1023
28.19908700104611,1023,1023
28.19908700104611,1023,1023
28.19908700104611,1023,1023
28.19908700104611,1023,1023
28.19908700104611,1023,1023
28.19908700104611,1023,1023
28.19908700104611,1023,1023
28.19908700104611,1023,1023
28.19908700104611,1023,1023
28.19908700104611,1023,1023
28.19908700104611,1023,1023
28.19908700104611,1023,1023
28.19908700104611,1023,1023
28.19908700104611,1023,1023
28.19908700104611,1023,1023
28.19908700104611,1023,1023
28.19908700104611,1023,1023
28.19908700104611,1023,1023
28.19908700104611,1023,1023
28.19908700104611,1023,1023
28.19908700104611,1023,1023
28.19908700104611,1023,1023
28.19908700104611,1023,1023
28.19908700104611,1023,1023
28.19908700104611,1023,1023
28.19908700104611,1023,1023
28.19908700104611,1023,1023
28.19908700104611,1023,1023
28.19908700104611,1023,1023
28.19908700104611,1023,1023
28.19908700104611,1023,1023
28.19908700104611,1023,1023
28.19908700104611,1023,1023
28.19908700104611,1023,1023
28.19908700104611,1023,1023
28.19908700104611,1023,1023
28.19908700104611,1023,1023
28.19908700104611,1023,1023
28.19908700104611,1023,1023
28.19908700104611,1023,1023
28.19908700104611,1023,1023
28.19908700104611,1023,1023
28.19908700104611,1023,1023
28.19908700104611,1023,1023
28.19908700104611,1023,1023
28.19908700104611,1023,1023
28.19908700104611,1023,1023
28.19908700104611,1023,1023
28.19908700104611,1023,1023
28.19908700104611,1023,1023
28.19908700104611,1023,1023
28.19908700104611,1023,1023
28.19908700104611,1023,1023
28.19908700104611,1023,1023
28.19908700104611,1023,1023
28.19908700104611,1023,1023
28.19908700104611,1023,1023
28.19908700104611,1023,1023
28.19908700104611,1023,1023
28.19908700104611,1023,1023
28.19908700104611,1023,1023
28.19908700104611,1023,1023
28.19908700104611,1023,1023
28.19908700104611,1023,1023
28.19908700104611,1023,1023
28.19908700104611,1023,1023
28.19908700104611,1023,1023
28.19908700104611,1023,1023
28.19908700104611,1023,1023
28.19908700104611,1023,1023
28.19908700104611,1023,1023
28.19908700104611,1023,1023
28.19908700104611,1023,1023
28.19908700104611,1023,1023
28.19908700104611,1023,1023
28.19908700104611,1023,1023
28.19908700104611,1023,1023
28.19908700104611,1023,1023
28.19908700104611,1023,1023
28.19908700104611,1023,1023
28.19908700104611,1023,1023
28.19908700104611,1023,1023
28.19908700104611,1023,1023
28.19908700104611,1023,1023
28.19908700104611,1023,1023
28.19908700104611,1023,1023
28.19908700104611,1023,1023
28.19908700104611,1023,1023
28.19908700104611,1023,1023
28.19908700104611,1023,1023
28.19908700104611,1023,1023
28.19908700104611,1023,1023
28.19908700104611,1023,1023
28.19908700104611,1023,1023
28.19908700104611,1023,1023
28.19908700104611,1023,1023
28.19908700104611,1023,1023
28.19908700104611,1023,1023
28.19908700104611,1023,1023
28.19908700104611,1023,1023
28.19908700104611,1023,1023
28.19908700104611,1023,1023
28.19908700104611,1023,1023
28.19908700104611,1023,1023
28.19908700104611,1023,1023
28.19908700104611,1023,1023
28.19908700104611,1023,1023
28.19908700104611,1023,1023
28.19908700104611,1023,1023
28.19908700104611,1023,1023
28.19908700104611,1023,1023
28.19908700104611,1023,1023
28.19908700104611,1023,1023
28.19908700104611,1023,1023
28.19908700104611,1023,1023
28.19908700104611,1023,1023
28.19908700104611,1023,1023
28.19908700104611,1023,1023
28.19908700104611,1023,1023
28.19908700104611,1023,1023
28.19908700104611,1023,1023
28.19908700104611,1023,1023
28.19908700104611,1023,1023
28.19908700104611,1023,1023
28.19908700104611,1023,1023
28.19908700104611,1023,1023
28.19908700104611,1023,1023
28.19908700104611,1023,1023
28.19908700104611,1023,1023
28.19908700104611,1023,1023
28.19908700104611,1023,1023
28.19908700104611,1023,1023
28.19908700104611,1023,1023
28.19908700104611,1023,1023
28.19908700104611,1023,1023
28.19908700104611,1023,1023
28.19908700104611,1023,1023
28.19908700104611,1023,1023
28.19908700104611,1023,1023
28.19908700104611,1023,1023
28.19908700104611,1023,1023
28.19908700104611,1023,1023
28.19908700104611,1023,1023
28.19908700104611,1023,1023
28.19908700104611,1023,1023
28.19908700104611,1023,1023
28.19908700104611,1023,1023
28.19908700104611,1023,1023
28.19908700104611,1023,1023
28.19908700104611,1023,1023
28.19908700104611,1023,1023
28.19908700104611,1023,1023
28.19908700104611,1023,1023
28.19908700104611,1023,1023
28.19908700104611,1023,1023
28.19908700104611,1023,1023
28.19908700104611,1023,1023
28.19908700104611,1023,1023
28.19908700104611,1023,1023
28.19908700104611,1023,1023
28.19908700104611,1023,1023
28.19908700104611,1023,1023
28.19908700104611,1023,1023
28.19908700104611,1023,1023
28.19908700104611,1023,1023
28.19908700104611,1023,1023
28.19908700104611,1023,1023
28.19908700104611,1023,1023
28.19908700104611,1023,1023
28.19908700104611,1023,1023
28.19908700104611,1023,1023
28.19908700104611,1023,1023
28.19908700104611,1023,1023
28.19908700104611,1023,1023
28.19908700104611,1023,1023
28.19908700104611,1023,1023
28.19908700104611,1023,1023
28.19908700104611,1023,1023
28.19908700104611,1023,1023
28.19908700104611,1023,1023
28.19908700104611,1023,1023
28.19908700104611,1023,1023
28.19908700104611,1023,1023
28.19908700104611,1023,1023
28.19908700104611,1023,1023
28.19908700104611,1023,1023
28.19908700104611,1023,1023
28.19908700104611,1023,1023
28.19908700104611,1023,1023
28.19908700104611,1023,1023
28.19908700104611,1023,1023
28.19908700104611,1023,1023
28.19908700104611,1023,1023
28.19908700104611,1023,1023
28.19908700104611,1023,1023
28.19908700104611,1023,1023
28.19908700104611,1023,1023
28.19908700104611,1023,1023
28.19908700104611,1023,1023
28.19908700104611,1023,1023
28.19908700104611,1023,1023
28.19908700104611,1023,1023
28.19908700104611,1023,1023
28.19908700104611,1023,1023
28.19908700104611,1023,1023
28.19908700104611,1023,1023
28.19908700104611,1023,1023
28.19908700104611,1023,1023
28.19908700104611,1023,1023
28.19908700104611,1023,1023
28.19908700104611,1023,1023
28.19908700104611,1023,1023
28.19908700104611,1023,1023
28.19908700104611,1023,1023
28.19908700104611,1023,1023
28.19908700104611,1023,1023
28.19908700104611,1023,1023
28.19908700104611,1023,1023
28.19908700104611,1023,1023
28.19908700104611,1023,1023
28.19908700104611,1023,1023
28.19908700104611,1023,1023
28.19908700104611,1023,1023
28.19908700104611,1023,1023
28.19908700104611,1023,1023
28.19908700104611,1023,1023
28.19908700104611,1023,1023
28.19908700104611,1023,1023
28.19908700104611,1023,1023
28.19908700104611,1023,1023
28.19908700104611,1023,1023
28.19908700104611,1023,1023
28.19908700104611,1023,1023
28.19908700104611,1023,1023
28.19908700104611,1023,1023
28.19908700104611,1023,1023
28.19908700104611,1023,1023
28.19908700104611,1023,1023
28.19908700104611,1023,1023
28.19908700104611,1023,1023
28.19908700104611,1023,1023
28.19908700104611,1023,1023
28.19908700104611,1023,1023
28.19908700104611,1023,1023
28.19908700104611,1023,1023
28.19908700104611,1023,1023
28.19908700104611,1023,1023
28.19908700104611,1023,1023
28.19908700104611,1023,1023
28.19908700104611,1023,1023
28.19908700104611,1023,1023
28.19908700104611,1023,1023
28.19908700104611,1023,1023
28.19908700104611,1023,1023
28.19908700104611,1023,1023
28.19908700104611,1023,1023
28.19908700104611,1023,1023
28.19908700104611,1023,1023
28.19908700104611,1023,1023
28.19908700104611,1023,1023
28.19908700104611,1023,1023
28.19908700104611,1023,1023
28.19908700104611,1023,1023
28.19908700104611,1023,1023
28.19908700104611,1023,1023
28.19908700104611,1023,1023
28.19908700104611,1023,1023
28.19908700104611,1023,1023
28.19908700104611,1023,1023
28.19908700104611,1023,1023
28.19908700104611,1023,1023
28.19908700104611,1023,1023
28.19908700104611,1023,1023
28.19908700104611,1023,1023
28.19908700104611,1023,1023
28.19908700104611,1023,1023
28.19908700104611,1023,1023
28.19908700104611,1023,1023
28.19908700104611,1023,1023
28.19908700104611,1023,1023
28.19908700104611,1023,1023
28.19908700104611,1023,1023
28.19908700104611,1023,1023
28.19908700104611,1023,1023
28.19908700104611,1023,1023
28.19908700104611,1023,1023
28.19908700104611,1023,1023
28.19908700104611,1023,1023
28.19908700104611,1023,1023
28.19908700104611,1023,1023
28.19908700104611,1023,1023
28.19908700104611,1023,1023
28.19908700104611,1023,1023
28.19908700104611,1023,1023
28.19908700104611,1023,1023
28.19908700104611,1023,1023
28.19908700104611,1023,1023
28.19908700104611,1023,1023
28.19908700104611,1023,1023
28.19908700104611,1023,1023
28.19908700104611,1023,1023
28.19908700104611,1023,1023
28.19908700104611,1023,1023
28.19908700104611,1023,1023
28.19908700104611,1023,1023
28.19908700104611,1023,1023
28.19908700104611,1023,1023
28.19908700104611,1023,1023
28.19908700104611,1023,1023
28.19908700104611,1023,1023
28.19908700104611,1023,1023
28.19908700104611,1023,1023
28.19908700104611,1023,1023
28.19908700104611,1023,1023
28.19908700104611,1023,1023
28.19908700104611,1023,1023
28.19908700104611,1023,1023
28.19908700104611,1023,1023
28.19908700104611,1023,1023
28.19908700104611,1023,1023
28.19908700104611,1023,1023
28.19908700104611,1023,1023
28.19908700104611,1023,1023
28.19908700104611,1023,1023
28.19908700104611,1023,1023
28.19908700104611,1023,1023
28.19908700104611,1023,1023
28.19908700104611,1023,1023
28.19908700104611,1023,1023
28.19908700104611,1023,1023
28.19908700104611,1023,1023
28.19908700104611,1023,1023
28.19908700104611,1023,1023
28.19908700104611,1023,1023
28.19908700104611,1023,1023
28.19908700104611,1023,1023
28.19908700104611,1023,1023
28.19908700104611,1023,1023
28.19908700104611,1023,1023
28.19908700104611,1023,1023
28.19908700104611,1023,1023
28.19908700104611,1023,1023
28.19908700104611,1023,1023
28.19908700104611,1023,1023
28.19908700104611,1023,1023
28.19908700104611,1023,1023
28.19908700104611,1023,1023
28.19908700104611,1023,1023
28.19908700104611,1023,1023
28.19908700104611,1023,1023
28.19908700104611,1023,1023
28.19908700104611,1023,1023
28.19908700104611,1023,1023
28.19908700104611,1023,1023
28.19908700104611,1023,1023
28.19908700104611,1023,1023
28.19908700104611,1023,1023
28.19908700104611,1023,1023
28.19908700104611,1023,1023
28.19908700104611,1023,1023
28.19908700104611,1023,1023
28.19908700104611,1023,1023
28.19908700104611,1023,1023
28.19908700104611,1023,1023
28.19908700104611,1023,1023
28.19908700104611,1023,1023
28.19908700104611,1023,1023
28.19908700104611,1023,1023
28.19908700104611,1023,1023
28.19908700104611,1023,1023
28.19908700104611,1023,1023
28.19908700104611,1023,1023
28.19908700104611,1023,1023
28.19908700104611,1023,1023
28.19908700104611,1023,1023
28.19908700104611,1023,1023
28.19908700104611,1023,1023
28.19908700104611,1023,1023
28.19908700104611,1023,1023
28.19908700104611,1023,1023
28.19908700104611,1023,1023
28.19908700104611,1023,1023
28.19908700104611,1023,1023
28.19908700104611,1023,1023
28.19908700104611,1023,1023
28.19908700104611,1023,1023
28.19908700104611,1023,1023
28.19908700104611,1023,1023
28.19908700104611,1023,1023
28.19908700104611,1023,1023
28.19908700104611,1023,1023
28.19908700104611,1023,1023
28.19908700104611,1023,1023
28.19908700104611,1023,1023
28.19908700104611,1023,1023
28.19908700104611,1023,1023
28.19908700104611,1023,1023
28.19908700104611,1023,1023
28.19908700104611,1023,1023
28.19908700104611,1023,1023
28.19908700104611,1023,1023
28.19908700104611,1023,1023
28.19908700104611,1023,1023
28.19908700104611,1023,1023
28.19908700104611,1023,1023
28.19908700104611,1023,1023
28.19908700104611,1023,1023
28.19908700104611,1023,1023
28.19908700104611,1023,1023
28.19908700104611,1023,1023
28.19908700104611,1023,1023
28.19908700104611,1023,1023
28.19908700104611,1023,1023
28.19908700104611,1023,1023
28.19908700104611,1023,1023
28.19908700104611,1023,1023
28.19908700104611,1023,1023
28.19908700104611,1023,1023
28.19908700104611,1023,1023
28.19908700104611,1023,1023
28.19908700104611,1023,1023
28.19908700104611,1023,1023
28.19908700104611,1023,1023
28.19908700104611,1023,1023
28.19908700104611,1023,1023
28.19908700104611,1023,1023
28.19908700104611,1023,1023
28.19908700104611,1023,1023
28.19908700104611,1023,1023
28.19908700104611,1023,1023
28.19908700104611,1023,1023
28.19908700104611,1023,1023
28.19908700104611,1023,1023
28.19908700104611,1023,1023
28.19908700104611,1023,1023
28.19908700104611,1023,1023
28.19908700104611,1023,1023
28.19908700104611,1023,1023
28.19908700104611,1023,1023
28.19908700104611,1023,1023
28.19908700104611,1023,1023
28.19908700104611,1023,1023
28.19908700104611,1023,1023
28.19908700104611,1023,1023
28.19908700104611,1023,1023
28.19908700104611,1023,1023
28.19908700104611,1023,1023
28.19908700104611,1023,1023
28.19908700104611,1023,1023
28.19908700104611,1023,1023
28.19908700104611,1023,1023
28.19908700104611,1023,1023
28.19908700104611,1023,1023
28.19908700104611,1023,1023
28.19908700104611,1023,1023
28.19908700104611,1023,1023
28.19908700104611,1023,1023
28.19908700104611,1023,1023
28.19908700104611,1023,1023
28.19908700104611,1023,1023
28.19908700104611,1023,1023
28.19908700104611,1023,1023
28.19908700104611,1023,1023
28.19908700104611,1023,1023
28.19908700104611,1023,1023
28.19908700104611,1023,1023
28.19908700104611,1023,1023
28.19908700104611,1023,1023
28.19908700104611,1023,1023
28.19908700104611,1023,1023
28.19908700104611,1023,1023
28.19908700104611,1023,1023
28.19908700104611,1023,1023
28.19908700104611,1023,1023
28.19908700104611,1023,1023
28.19908700104611,1023,1023
28.19908700104611,1023,1023
28.19908700104611,1023,1023
28.19908700104611,1023,1023
28.19908700104611,1023,1023
28.19908700104611,1023,1023
28.19908700104611,1023,1023
28.19908700104611,1023,1023
28.19908700104611,1023,1023
28.19908700104611,1023,1023
28.19908700104611,1023,1023
28.19908700104611,1023,1023
28.19908700104611,1023,1023
28.19908700104611,1023,1023
28.19908700104611,1023,1023
28.19908700104611,1023,1023
28.19908700104611,1023,1023
28.19908700104611,1023,1023
28.19908700104611,1023,1023
28.19908700104611,1023,1023
28.19908700104611,1023,1023
28.19908700104611,1023,1023
28.19908700104611,1023,1023
28.19908700104611,1023,1023
28.19908700104611,1023,1023
28.19908700104611,1023,1023
28.19908700104611,1023,1023
28.19908700104611,1023,1023
28.19908700104611,1023,1023
28.19908700104611,1023,1023
28.19908700104611,1023,1023
28.19908700104611,1023,1023
28.19908700104611,1023,1023
28.19908700104611,1023,1023
28.19908700104611,1023,1023
28.19908700104611,1023,1023
28.19908700104611,1023,1023
28.19908700104611,1023,1023
28.19908700104611,1023,1023
28.19908700104611,1023,1023
28.19908700104611,1023,1023
28.19908700104611,1023,1023
28.19908700104611,1023,1023
28.19908700104611,1023,1023
28.19908700104611,1023,1023
28.19908700104611,1023,1023
28.19908700104611,1023,1023
28.19908700104611,1023,1023
28.19908700104611,1023,1023
28.19908700104611,1023,1023
28.19908700104611,1023,1023
28.19908700104611,1023,1023
28.19908700104611,1023,1023
28.19908700104611,1023,1023
28.19908700104611,1023,1023
28.19908700104611,1023,1023
28.19908700104611,1023,1023
28.19908700104611,1023,1023
28.19908700104611,1023,1023
28.19908700104611,1023,1023
28.19908700104611,1023,1023
28.19908700104611,1023,1023
28.19908700104611,1023,1023
28.19908700104611,1023,1023
28.19908700104611,1023,1023
28.19908700104611,1023,1023
28.19908700104611,1023,1023
28.19908700104611,1023,1023
28.19908700104611,1023,1023
28.19908700104611,1023,1023
28.19908700104611,1023,1023
28.19908700104611,1023,1023
28.19908700104611,1023,1023
28.19908700104611,1023,1023
28.19908700104611,1023,1023
28.19908700104611,1023,1023
28.19908700104611,1023,1023
28.19908700104611,1023,1023
28.19908700104611,1023,1023
28.19908700104611,1023,1023
28.19908700104611,1023,1023
28.19908700104611,1023,1023
28.19908700104611,1023,1023
28.19908700104611,1023,1023
28.19908700104611,1023,1023
28.19908700104611,1023,1023
28.19908700104611,1023,1023
28.19908700104611,1023,1023
28.19908700104611,1023,1023
28.19908700104611,1023,1023
28.19908700104611,1023,1023
28.19908700104611,1023,1023
28.19908700104611,1023,1023
28.19908700104611,1023,1023
28.19908700104611,1023,1023
28.19908700104611,1023,1023
28.19908700104611,1023,1023
28.19908700104611,1023,1023
28.19908700104611,1023,1023
28.19908700104611,1023,1023
28.19908700104611,1023,1023
28.19908700104611,1023,1023
28.19908700104611,1023,1023
28.19908700104611,1023,1023
28.19908700104611,1023,1023
28.19908700104611,1023,1023
28.19908700104611,1023,1023
28.19908700104611,1023,1023
28.19908700104611,1023,1023
28.19908700104611,1023,1023
28.19908700104611,1023,1023
28.19908700104611,1023,1023
28.19908700104611,1023,1023
28.19908700104611,1023,1023
28.19908700104611,1023,1023
28.19908700104611,1023,1023
28.19908700104611,1023,1023
28.19908700104611,1023,1023
28.19908700104611,1023,1023
28.19908700104611,1023,1023
28.19908700104611,1023,1023
28.19908700104611,1023,1023
28.19908700104611,1023,1023
28.19908700104611,1023,1023
28.19908700104611,1023,1023
28.19908700104611,1023,1023
28.19908700104611,1023,1023
28.19908700104611,1023,1023
28.19908700104611,1023,1023
28.19908700104611,1023,1023
28.19908700104611,1023,1023
28.19908700104611,1023,1023
28.19908700104611,1023,1023
28.19908700104611,1023,1023
28.19908700104611,1023,1023
28.19908700104611,1023,1023
28.19908700104611,1023,1023
28.19908700104611,1023,1023
28.19908700104611,1023,1023
28.19908700104611,1023,1023
28.19908700104611,1023,1023
28.19908700104611,1023,1023
28.19908700104611,1023,1023
28.19908700104611,1023,1023
28.19908700104611,1023,1023
28.19908700104611,1023,1023
28.19908700104611,1023,1023
28.19908700104611,1023,1023
28.19908700104611,1023,1023
28.19908700104611,1023,1023
28.19908700104611,1023,1023
28.19908700104611,1023,1023
28.19908700104611,1023,1023
28.19908700104611,1023,1023
28.19908700104611,1023,1023
28.19908700104611,1023,1023
28.19908700104611,1023,1023
28.19908700104611,1023,1023
28.19908700104611,1023,1023
28.19908700104611,1023,1023
28.19908700104611,1023,1023
28.19908700104611,1023,1023
28.19908700104611,1023,1023
28.19908700104611,1023,1023
28.19908700104611,1023,1023
28.19908700104611,1023,1023
28.19908700104611,1023,1023
28.19908700104611,1023,1023
28.19908700104611,1023,1023
28.19908700104611,1023,1023
28.19908700104611,1023,1023
28.19908700104611,1023,1023
28.19908700104611,1023,1023
28.19908700104611,1023,1023
28.19908700104611,1023,1023
28.19908700104611,1023,1023
28.19908700104611,1023,1023
28.19908700104611,1023,1023
28.19908700104611,1023,1023
28.19908700104611,1023,1023
28.19908700104611,1023,1023
28.19908700104611,1023,1023
28.19908700104611,1023,1023
28.19908700104611,1023,1023
28.19908700104611,1023,1023
28.19908700104611,1023,1023
28.19908700104611,1023,1023
28.19908700104611,1023,1023
28.19908700104611,1023,1023
28.19908700104611,1023,1023
28.19908700104611,1023,1023
28.19908700104611,1023,1023
28.19908700104611,1023,1023
28.19908700104611,1023,1023
28.19908700104611,1023,1023
28.19908700104611,1023,1023
28.19908700104611,1023,1023
28.19908700104611,1023,1023
28.19908700104611,1023,1023
28.19908700104611,1023,1023
28.19908700104611,1023,1023
28.19908700104611,1023,1023
28.19908700104611,1023,1023
28.19908700104611,1023,1023
28.19908700104611,1023,1023
28.19908700104611,1023,1023
28.19908700104611,1023,1023
28.19908700104611,1023,1023
28.19908700104611,1023,1023
28.19908700104611,1023,1023
28.19908700104611,1023,1023
28.19908700104611,1023,1023
28.19908700104611,1023,1023
28.19908700104611,1023,1023
28.19908700104611,1023,1023
28.19908700104611,1023,1023
28.19908700104611,1023,1023
28.19908700104611,1023,1023
28.19908700104611,1023,1023
28.19908700104611,1023,1023
28.19908700104611,1023,1023
28.19908700104611,1023,1023
28.19908700104611,1023,1023
28.19908700104611,1023,1023
28.19908700104611,1023,1023
28.19908700104611,1023,1023
28.19908700104611,1023,1023
28.19908700104611,1023,1023
28.19908700104611,1023,1023
28.19908700104611,1023,1023
28.19908700104611,1023,1023
28.19908700104611,1023,1023
28.19908700104611,1023,1023
28.19908700104611,1023,1023
28.19908700104611,1023,1023
28.19908700104611,1023,1023
28.19908700104611,1023,1023
28.19908700104611,1023,1023
28.19908700104611,1023,1023
28.19908700104611,1023,1023
28.19908700104611,1023,1023
28.19908700104611,1023,1023
28.19908700104611,1023,1023
28.19908700104611,1023,1023
28.19908700104611,1023,1023
28.19908700104611,1023,1023
28.19908700104611,1023,1023
28.19908700104611,1023,1023
28.19908700104611,1023,1023
28.19908700104611,1023,1023
28.19908700104611,1023,1023
28.19908700104611,1023,1023
28.19908700104611,1023,1023
28.19908700104611,1023,1023
28.19908700104611,1023,1023
28.19908700104611,1023,1023
28.19908700104611,1023,1023
28.19908700104611,1023,1023
28.19908700104611,1023,1023
28.19908700104611,1023,1023
28.19908700104611,1023,1023
28.19908700104611,1023,1023
28.19908700104611,1023,1023
28.19908700104611,1023,1023
28.19908700104611,1023,1023
28.19908700104611,1023,1023
28.19908700104611,1023,1023
28.19908700104611,1023,1023
28.19908700104611,1023,1023
28.19908700104611,1023,1023
28.19908700104611,1023,1023
28.19908700104611,1023,1023
28.19908700104611,1023,1023
28.19908700104611,1023,1023
28.19908700104611,1023,1023
28.19908700104611,1023,1023
28.19908700104611,1023,1023
28.19908700104611,1023,1023
28.19908700104611,1023,1023
28.19908700104611,1023,1023
28.19908700104611,1023,1023
28.19908700104611,1023,1023
28.19908700104611,1023,1023
28.19908700104611,1023,1023
28.19908700104611,1023,1023
28.19908700104611,1023,1023
28.19908700104611,1023,1023
28.19908700104611,1023,1023
28.19908700104611,1023,1023
28.19908700104611,1023,1023
28.19908700104611,1023,1023
28.19908700104611,1023,1023
28.19908700104611,1023,1023
28.19908700104611,1023,1023
28.19908700104611,1023,1023
28.19908700104611,1023,1023
28.19908700104611,1023,1023
28.19908700104611,1023,1023
28.19908700104611,1023,1023
28.19908700104611,1023,1023
28.19908700104611,1023,1023
28.19908700104611,1023,1023
28.19908700104611,1023,1023
28.19908700104611,1023,1023
28.19908700104611,1023,1023
28.19908700104611,1023,1023
28.19908700104611,1023,1023
28.19908700104611,1023,1023
28.19908700104611,1023,1023
28.19908700104611,1023,1023
28.19908700104611,1023,1023
28.19908700104611,1023,1023
28.19908700104611,1023,1023
28.19908700104611,1023,1023
28.19908700104611,1023,1023
28.19908700104611,1023,1023
28.19908700104611,1023,1023
28.19908700104611,1023,1023
28.19908700104611,1023,1023
28.19908700104611,1023,1023
28.19908700104611,1023,1023
28.19908700104611,1023,1023
28.19908700104611,1023,1023
28.19908700104611,1023,1023
28.19908700104611,1023,1023
28.19908700104611,1023,1023
28.19908700104611,1023,1023
28.19908700104611,1023,1023
28.19908700104611,1023,1023
28.19908700104611,1023,1023
28.19908700104611,1023,1023
28.19908700104611,1023,1023
28.19908700104611,1023,1023
28.19908700104611,1023,1023
28.19908700104611,1023,1023
28.19908700104611,1023,1023
28.19908700104611,1023,1023
28.19908700104611,1023,1023
28.19908700104611,1023,1023
28.19908700104611,1023,1023
28.19908700104611,1023,1023
28.19908700104611,1023,1023
28.19908700104611,1023,1023
28.19908700104611,1023,1023
28.19908700104611,1023,1023
28.19908700104611,1023,1023
28.19908700104611,1023,1023
28.19908700104611,1023,1023
28.19908700104611,1023,1023
28.19908700104611,1023,1023
28.19908700104611,1023,1023
28.19908700104611,1023,1023
28.19908700104611,1023,1023
28.19908700104611,1023,1023
28.19908700104611,1023,1023
28.19908700104611,1023,1023
28.19908700104611,1023,1023
28.19908700104611,1023,1023
28.19908700104611,1023,1023
28.19908700104611,1023,1023
28.19908700104611,1023,1023
28.19908700104611,1023,1023
28.19908700104611,1023,1023
28.19908700104611,1023,1023
28.19908700104611,1023,1023
28.19908700104611,1023,1023
28.19908700104611,1023,1023
28.19908700104611,1023,1023
28.19908700104611,1023,1023
28.19908700104611,1023,1023
28.19908700104611,1023,1023
28.19908700104611,1023,1023
28.19908700104611,1023,1023
28.19908700104611,1023,1023
28.19908700104611,1023,1023
28.19908700104611,1023,1023
28.19908700104611,1023,1023
28.19908700104611,1023,1023
28.19908700104611,1023,1023
28.19908700104611,1023,1023
28.19908700104611,1023,1023
28.19908700104611,1023,1023
28.19908700104611,1023,1023
28.19908700104611,1023,1023
28.19908700104611,1023,1023
28.19908700104611,1023,1023
28.19908700104611,1023,1023
28.19908700104611,1023,1023
28.19908700104611,1023,1023
28.19908700104611,1023,1023
28.19908700104611,1023,1023
28.19908700104611,1023,1023
28.19908700104611,1023,1023
28.19908700104611,1023,1023
28.19908700104611,1023,1023
28.19908700104611,1023,1023
28.19908700104611,1023,1023
28.19908700104611,1023,1023
28.19908700104611,1023,1023
28.19908700104611,1023,1023
28.19908700104611,1023,1023
28.19908700104611,1023,1023
28.19908700104611,1023,1023
28.19908700104611,1023,1023
28.19908700104611,1023,1023
28.19908700104611,1023,1023
28.19908700104611,1023,1023
28.19908700104611,1023,1023
28.19908700104611,1023,1023
28.19908700104611,1023,1023
28.19908700104611,1023,1023
28.19908700104611,1023,1023
28.19908700104611,1023,1023
28.19908700104611,1023,1023
28.19908700104611,1023,1023
28.19908700104611,1023,1023
28.19908700104611,1023,1023
28.19908700104611,1023,1023
28.19908700104611,1023,1023
28.19908700104611,1023,1023
28.19908700104611,1023,1023
28.19908700104611,1023,1023
28.19908700104611,1023,1023
28.19908700104611,1023,1023
28.19908700104611,1023,1023
28.19908700104611,1023,1023
28.19908700104611,1023,1023
28.19908700104611,1023,1023
28.19908700104611,1023,1023
28.19908700104611,1023,1023
28.19908700104611,1023,1023
28.19908700104611,1023,1023
28.19908700104611,1023,1023
28.19908700104611,1023,1023
28.19908700104611,1023,1023
28.19908700104611,1023,1023
28.19908700104611,1023,1023
28.19908700104611,1023,1023
28.19908700104611,1023,1023
28.19908700104611,1023,1023
28.19908700104611,1023,1023
28.19908700104611,1023,1023
28.19908700104611,1023,1023
28.19908700104611,1023,1023
28.19908700104611,1023,1023
28.19908700104611,1023,1023
28.19908700104611,1023,1023
28.19908700104611,1023,1023
28.19908700104611,1023,1023
28.19908700104611,1023,1023
28.19908700104611,1023,1023
28.19908700104611,1023,1023
28.19908700104611,1023,1023
28.19908700104611,1023,1023
28.19908700104611,1023,1023
28.19908700104611,1023,1023
28.19908700104611,1023,1023
28.19908700104611,1023,1023
28.19908700104611,1023,1023
28.19908700104611,1023,1023
28.19908700104611,1023,1023
28.19908700104611,1023,1023
28.19908700104611,1023,1023
28.19908700104611,1023,1023
28.19908700104611,1023,1023
28.19908700104611,1023,1023
28.19908700104611,1023,1023
28.19908700104611,1023,1023
28.19908700104611,1023,1023
28.19908700104611,1023,1023
28.19908700104611,1023,1023
28.19908700104611,1023,1023
28.19908700104611,1023,1023
28.19908700104611,1023,1023
28.19908700104611,1023,1023
28.19908700104611,1023,1023
28.19908700104611,1023,1023
28.19908700104611,1023,1023
28.19908700104611,1023,1023
28.19908700104611,1023,1023
28.19908700104611,1023,1023
28.19908700104611,1023,1023
28.19908700104611,1023,1023
28.19908700104611,1023,1023
28.19908700104611,1023,1023
28.19908700104611,1023,1023
28.19908700104611,1023,1023
28.19908700104611,1023,1023
28.19908700104611,1023,1023
28.19908700104611,1023,1023
28.19908700104611,1023,1023
28.19908700104611,1023,1023
28.19908700104611,1023,1023
28.19908700104611,1023,1023
28.19908700104611,1023,1023
28.19908700104611,1023,1023
28.19908700104611,1023,1023
28.19908700104611,1023,1023
28.19908700104611,1023,1023
28.19908700104611,1023,1023
28.19908700104611,1023,1023
28.19908700104611,1023,1023
28.19908700104611,1023,1023
28.19908700104611,1023,1023
28.19908700104611,1023,1023
28.19908700104611,1023,1023
28.19908700104611,1023,1023
28.19908700104611,1023,1023
28.19908700104611,1023,1023
28.19908700104611,1023,1023
28.19908700104611,1023,1023
28.19908700104611,1023,1023
28.19908700104611,1023,1023
28.19908700104611,1023,1023
28.19908700104611,1023,1023
28.19908700104611,1023,1023
28.19908700104611,1023,1023
28.19908700104611,1023,1023
28.19908700104611,1023,1023
28.19908700104611,1023,1023
28.19908700104611,1023,1023
28.19908700104611,1023,1023
28.19908700104611,1023,1023
28.19908700104611,1023,1023
28.19908700104611,1023,1023
28.19908700104611,1023,1023
28.19908700104611,1023,1023
28.19908700104611,1023,1023
28.19908700104611,1023,1023
28.19908700104611,1023,1023
28.19908700104611,1023,1023
28.19908700104611,1023,1023
28.19908700104611,1023,1023
28.19908700104611,1023,1023
28.19908700104611,1023,1023
28.19908700104611,1023,1023
28.19908700104611,1023,1023
28.19908700104611,1023,1023
28.19908700104611,1023,1023
28.19908700104611,1023,1023
28.19908700104611,1023,1023
28.19908700104611,1023,1023
28.19908700104611,1023,1023
28.19908700104611,1023,1023
28.19908700104611,1023,1023
28.19908700104611,1023,1023
28.19908700104611,1023,1023
28.19908700104611,1023,1023
28.19908700104611,1023,1023
28.19908700104611,1023,1023
28.19908700104611,1023,1023
28.19908700104611,1023,1023
28.19908700104611,1023,1023
28.19908700104611,1023,1023
28.19908700104611,1023,1023
28.19908700104611,1023,1023
28.19908700104611,1023,1023
28.19908700104611,1023,1023
28.19908700104611,1023,1023
28.19908700104611,1023,1023
28.19908700104611,1023,1023
28.19908700104611,1023,1023
28.19908700104611,1023,1023
28.19908700104611,1023,1023
28.19908700104611,1023,1023
28.19908700104611,1023,1023
28.19908700104611,1023,1023
28.19908700104611,1023,1023
28.19908700104611,1023,1023
28.19908700104611,1023,1023
28.19908700104611,1023,1023
28.19908700104611,1023,1023
28.19908700104611,1023,1023
28.19908700104611,1023,1023
28.19908700104611,1023,1023
28.19908700104611,1023,1023
28.19908700104611,1023,1023
28.19908700104611,1023,1023
28.19908700104611,1023,1023
28.19908700104611,1023,1023
28.19908700104611,1023,1023
28.19908700104611,1023,1023
28.19908700104611,1023,1023
28.19908700104611,1023,1023
28.19908700104611,1023,1023
28.19908700104611,1023,1023
28.19908700104611,1023,1023
28.19908700104611,1023,1023
28.19908700104611,1023,1023
28.19908700104611,1023,1023
28.19908700104611,1023,1023
28.19908700104611,1023,1023
28.19908700104611,1023,1023
28.19908700104611,1023,1023
28.19908700104611,1023,1023
28.19908700104611,1023,1023
28.19908700104611,1023,1023
28.19908700104611,1023,1023
28.19908700104611,1023,1023
28.19908700104611,1023,1023
28.19908700104611,1023,1023
28.19908700104611,1023,1023
28.19908700104611,1023,1023
28.19908700104611,1023,1023
28.19908700104611,1023,1023
28.19908700104611,1023,1023
28.19908700104611,1023,1023
28.19908700104611,1023,1023
28.19908700104611,1023,1023
28.19908700104611,1023,1023
28.19908700104611,1023,1023
28.19908700104611,1023,1023
28.19908700104611,1023,1023
28.19908700104611,1023,1023
28.19908700104611,1023,1023
28.19908700104611,1023,1023
28.19908700104611,1023,1023
28.19908700104611,1023,1023
28.19908700104611,1023,1023
28.19908700104611,1023,1023
28.19908700104611,1023,1023
28.19908700104611,1023,1023
28.19908700104611,1023,1023
28.19908700104611,1023,1023
28.19908700104611,1023,1023
28.19908700104611,1023,1023
28.19908700104611,1023,1023
28.19908700104611,1023,1023
28.19908700104611,1023,1023
28.19908700104611,1023,1023
28.19908700104611,1023,1023
28.19908700104611,1023,1023
28.19908700104611,1023,1023
28.19908700104611,1023,1023
28.19908700104611,1023,1023
28.19908700104611,1023,1023
28.19908700104611,1023,1023
28.19908700104611,1023,1023
28.19908700104611,1023,1023
28.19908700104611,1023,1023
28.19908700104611,1023,1023
28.19908700104611,1023,1023
28.19908700104611,1023,1023
28.19908700104611,1023,1023
28.19908700104611,1023,1023
28.19908700104611,1023,1023
28.19908700104611,1023,1023
28.19908700104611,1023,1023
28.19908700104611,1023,1023
28.19908700104611,1023,1023
28.19908700104611,1023,1023
28.19908700104611,1023,1023
28.19908700104611,1023,1023
28.19908700104611,1023,1023
28.19908700104611,1023,1023
28.19908700104611,1023,1023
28.19908700104611,1023,1023
28.19908700104611,1023,1023
28.19908700104611,1023,1023
28.19908700104611,1023,1023
28.19908700104611,1023,1023
28.19908700104611,1023,1023
28.19908700104611,1023,1023
28.19908700104611,1023,1023
28.19908700104611,1023,1023
28.19908700104611,1023,1023
28.19908700104611,1023,1023
28.19908700104611,1023,1023
28.19908700104611,1023,1023
28.19908700104611,1023,1023
28.19908700104611,1023,1023
28.19908700104611,1023,1023
28.19908700104611,1023,1023
28.19908700104611,1023,1023
28.19908700104611,1023,1023
28.19908700104611,1023,1023
28.19908700104611,1023,1023
28.19908700104611,1023,1023
28.19908700104611,1023,1023
28.19908700104611,1023,1023
28.19908700104611,1023,1023
28.19908700104611,1023,1023
28.19908700104611,1023,1023
28.19908700104611,1023,1023
28.19908700104611,1023,1023
28.19908700104611,1023,1023
28.19908700104611,1023,1023
28.19908700104611,1023,1023
28.19908700104611,1023,1023
28.19908700104611,1023,1023
28.19908700104611,1023,1023
28.19908700104611,1023,1023
28.19908700104611,1023,1023
28.19908700104611,1023,1023
28.19908700104611,1023,1023
28.19908700104611,1023,1023
28.19908700104611,1023,1023
28.19908700104611,1023,1023
28.19908700104611,1023,1023
28.19908700104611,1023,1023
28.19908700104611,1023,1023
28.19908700104611,1023,1023
28.19908700104611,1023,1023
28.19908700104611,1023,1023
28.19908700104611,1023,1023
28.19908700104611,1023,1023
28.19908700104611,1023,1023
28.19908700104611,1023,1023
28.19908700104611,1023,1023
28.19908700104611,1023,1023
28.19908700104611,1023,1023
28.19908700104611,1023,1023
28.19908700104611,1023,1023
28.19908700104611,1023,1023
28.19908700104611,1023,1023
28.19908700104611,1023,1023
28.19908700104611,1023,1023
28.19908700104611,1023,1023
28.19908700104611,1023,1023
28.19908700104611,1023,1023
28.19908700104611,1023,1023
28.19908700104611,1023,1023
28.19908700104611,1023,1023
28.19908700104611,1023,1023
28.19908700104611,1023,1023
28.19908700104611,1023,1023
28.19908700104611,1023,1023
28.19908700104611,1023,1023
28.19908700104611,1023,1023
28.19908700104611,1023,1023
28.19908700104611,1023,1023
28.19908700104611,1023,1023
28.19908700104611,1023,1023
28.19908700104611,1023,1023
28.19908700104611,1023,1023
28.19908700104611,1023,1023
28.19908700104611,1023,1023
28.19908700104611,1023,1023
28.19908700104611,1023,1023
28.19908700104611,1023,1023
28.19908700104611,1023,1023
28.19908700104611,1023,1023
28.19908700104611,1023,1023
28.19908700104611,1023,1023
28.19908700104611,1023,1023
28.19908700104611,1023,1023
28.19908700104611,1023,1023
28.19908700104611,1023,1023
28.19908700104611,1023,1023
28.19908700104611,1023,1023
28.19908700104611,1023,1023
28.19908700104611,1023,1023
28.19908700104611,1023,1023
28.19908700104611,1023,1023
28.19908700104611,1023,1023
28.19908700104611,1023,1023
28.19908700104611,1023,1023
28.19908700104611,1023,1023
28.19908700104611,1023,1023
28.19908700104611,1023,1023
28.19908700104611,1023,1023
28.19908700104611,1023,1023
28.19908700104611,1023,1023
28.19908700104611,1023,1023
28.19908700104611,1023,1023
28.19908700104611,1023,1023
28.19908700104611,1023,1023
28.19908700104611,1023,1023
28.19908700104611,1023,1023
28.19908700104611,1023,1023
28.19908700104611,1023,1023
28.19908700104611,1023,1023
28.19908700104611,1023,1023
28.19908700104611,1023,1023
28.19908700104611,1023,1023
28.19908700104611,1023,1023
28.19908700104611,1023,1023
28.19908700104611,1023,1023
28.19908700104611,1023,1023
28.19908700104611,1023,1023
28.19908700104611,1023,1023
28.19908700104611,1023,1023
28.19908700104611,1023,1023
28.19908700104611,1023,1023
28.19908700104611,1023,1023
28.19908700104611,1023,1023
28.19908700104611,1023,1023
28.19908700104611,1023,1023
28.19908700104611,1023,1023
28.19908700104611,1023,1023
28.19908700104611,1023,1023
28.19908700104611,1023,1023
28.19908700104611,1023,1023
28.19908700104611,1023,1023
28.19908700104611,1023,1023
28.19908700104611,1023,1023
28.19908700104611,1023,1023
28.19908700104611,1023,1023
28.19908700104611,1023,1023
28.19908700104611,1023,1023
28.19908700104611,1023,1023
28.19908700104611,1023,1023
28.19908700104611,1023,1023
28.19908700104611,1023,1023
28.19908700104611,1023,1023
28.19908700104611,1023,1023
28.19908700104611,1023,1023
28.19908700104611,1023,1023
28.19908700104611,1023,1023
28.19908700104611,1023,1023
28.19908700104611,1023,1023
28.19908700104611,1023,1023
28.19908700104611,1023,1023
28.19908700104611,1023,1023
28.19908700104611,1023,1023
28.19908700104611,1023,1023
28.19908700104611,1023,1023
28.19908700104611,1023,1023
28.19908700104611,1023,1023
28.19908700104611,1023,1023
28.19908700104611,1023,1023
28.19908700104611,1023,1023
28.19908700104611,1023,1023
28.19908700104611,1023,1023
28.19908700104611,1023,1023
28.19908700104611,1023,1023
28.19908700104611,1023,1023
28.19908700104611,1023,1023
28.19908700104611,1023,1023
28.19908700104611,1023,1023
28.19908700104611,1023,1023
28.19908700104611,1023,1023
28.19908700104611,1023,1023
28.19908700104611,1023,1023
28.19908700104611,1023,1023
28.19908700104611,1023,1023
28.19908700104611,1023,1023
28.19908700104611,1023,1023
28.19908700104611,1023,1023
28.19908700104611,1023,1023
28.19908700104611,1023,1023
28.19908700104611,1023,1023
28.19908700104611,1023,1023
28.19908700104611,1023,1023
28.19908700104611,1023,1023
28.19908700104611,1023,1023
28.19908700104611,1023,1023
28.19908700104611,1023,1023
28.19908700104611,1023,1023
28.19908700104611,1023,1023
28.19908700104611,1023,1023
28.19908700104611,1023,1023
28.19908700104611,1023,1023
28.19908700104611,1023,1023
28.19908700104611,1023,1023
28.19908700104611,1023,1023
28.19908700104611,1023,1023
28.19908700104611,1023,1023
28.19908700104611,1023,1023
28.19908700104611,1023,1023
28.19908700104611,1023,1023
28.19908700104611,1023,1023
28.19908700104611,1023,1023
28.19908700104611,1023,1023
28.19908700104611,1023,1023
28.19908700104611,1023,1023
28.19908700104611,1023,1023
28.19908700104611,1023,1023
28.19908700104611,1023,1023
28.19908700104611,1023,1023
28.19908700104611,1023,1023
28.19908700104611,1023,1023
28.19908700104611,1023,1023
28.19908700104611,1023,1023
28.19908700104611,1023,1023
28.19908700104611,1023,1023
28.19908700104611,1023,1023
28.19908700104611,1023,1023
28.19908700104611,1023,1023
28.19908700104611,1023,1023
28.19908700104611,1023,1023
28.19908700104611,1023,1023
28.19908700104611,1023,1023
28.19908700104611,1023,1023
28.19908700104611,1023,1023
28.19908700104611,1023,1023
28.19908700104611,1023,1023
28.19908700104611,1023,1023
28.19908700104611,1023,1023
28.19908700104611,1023,1023
28.19908700104611,1023,1023
28.19908700104611,1023,1023
28.19908700104611,1023,1023
28.19908700104611,1023,1023
28.19908700104611,1023,1023
28.19908700104611,1023,1023
28.19908700104611,1023,1023
28.19908700104611,1023,1023
28.19908700104611,1023,1023
28.19908700104611,1023,1023
28.19908700104611,1023,1023
28.19908700104611,1023,1023
28.19908700104611,1023,1023
28.19908700104611,1023,1023
28.19908700104611,1023,1023
28.19908700104611,1023,1023
28.19908700104611,1023,1023
28.19908700104611,1023,1023
28.19908700104611,1023,1023
28.19908700104611,1023,1023
28.19908700104611,1023,1023
28.19908700104611,1023,1023
28.19908700104611,1023,1023
28.19908700104611,1023,1023
28.19908700104611,1023,1023
28.19908700104611,1023,1023
28.19908700104611,1023,1023
28.19908700104611,1023,1023
28.19908700104611,1023,1023
28.19908700104611,1023,1023
28.19908700104611,1023,1023
28.19908700104611,1023,1023
28.19908700104611,1023,1023
28.19908700104611,1023,1023
28.19908700104611,1023,1023
28.19908700104611,1023,1023
28.19908700104611,1023,1023
28.19908700104611,1023,1023
28.19908700104611,1023,1023
28.19908700104611,1023,1023
28.19908700104611,1023,1023
28.19908700104611,1023,1023
28.19908700104611,1023,1023
28.19908700104611,1023,1023
28.19908700104611,1023,1023
28.19908700104611,1023,1023
28.19908700104611,1023,1023
28.19908700104611,1023,1023
28.19908700104611,1023,1023
28.19908700104611,1023,1023
28.19908700104611,1023,1023
28.19908700104611,1023,1023
28.19908700104611,1023,1023
28.19908700104611,1023,1023
28.19908700104611,1023,1023
28.19908700104611,1023,1023
28.19908700104611,1023,1023
28.19908700104611,1023,1023
28.19908700104611,1023,1023
28.19908700104611,1023,1023
28.19908700104611,1023,1023
28.19908700104611,1023,1023
28.19908700104611,1023,1023
28.19908700104611,1023,1023
28.19908700104611,1023,1023
28.19908700104611,1023,1023
28.19908700104611,1023,1023
28.19908700104611,1023,1023
28.19908700104611,1023,1023
28.19908700104611,1023,1023
28.19908700104611,1023,1023
28.19908700104611,1023,1023
28.19908700104611,1023,1023
28.19908700104611,1023,1023
28.19908700104611,1023,1023
28.19908700104611,1023,1023
28.19908700104611,1023,1023
28.19908700104611,1023,1023
28.19908700104611,1023,1023
28.19908700104611,1023,1023
28.19908700104611,1023,1023
28.19908700104611,1023,1023
28.19908700104611,1023,1023
28.19908700104611,1023,1023
28.19908700104611,1023,1023
28.19908700104611,1023,1023
28.19908700104611,1023,1023
28.19908700104611,1023,1023
28.19908700104611,1023,1023
28.19908700104611,1023,1023
28.19908700104611,1023,1023
28.19908700104611,1023,1023
28.19908700104611,1023,1023
28.19908700104611,1023,1023
28.19908700104611,1023,1023
28.19908700104611,1023,1023
28.19908700104611,1023,1023
28.19908700104611,1023,1023
28.19908700104611,1023,1023
28.19908700104611,1023,1023
28.19908700104611,1023,1023
28.19908700104611,1023,1023
28.19908700104611,1023,1023
28.19908700104611,1023,1023
28.19908700104611,1023,1023
28.19908700104611,1023,1023
28.19908700104611,1023,1023
28.19908700104611,1023,1023
28.19908700104611,1023,1023
28.19908700104611,1023,1023
28.19908700104611,1023,1023
28.19908700104611,1023,1023
28.19908700104611,1023,1023
28.19908700104611,1023,1023
28.19908700104611,1023,1023
28.19908700104611,1023,1023
28.19908700104611,1023,1023
28.19908700104611,1023,1023
28.19908700104611,1023,1023
28.19908700104611,1023,1023
28.19908700104611,1023,1023
28.19908700104611,1023,1023
28.19908700104611,1023,1023
28.19908700104611,1023,1023
28.19908700104611,1023,1023
28.19908700104611,1023,1023
28.19908700104611,1023,1023
28.19908700104611,1023,1023
28.19908700104611,1023,1023
28.19908700104611,1023,1023
28.19908700104611,1023,1023
28.19908700104611,1023,1023
28.19908700104611,1023,1023
28.19908700104611,1023,1023
28.19908700104611,1023,1023
28.19908700104611,1023,1023
28.19908700104611,1023,1023
28.19908700104611,1023,1023
28.19908700104611,1023,1023
28.19908700104611,1023,1023
28.19908700104611,1023,1023
28.19908700104611,1023,1023
28.19908700104611,1023,1023
28.19908700104611,1023,1023
28.19908700104611,1023,1023
28.19908700104611,1023,1023
28.19908700104611,1023,1023
28.19908700104611,1023,1023
28.19908700104611,1023,1023
28.19908700104611,1023,1023
28.19908700104611,1023,1023
28.19908700104611,1023,1023
28.19908700104611,1023,1023
28.19908700104611,1023,1023
28.19908700104611,1023,1023
28.19908700104611,1023,1023
28.19908700104611,1023,1023
28.19908700104611,1023,1023
28.19908700104611,1023,1023
28.19908700104611,1023,1023
28.19908700104611,1023,1023
28.19908700104611,1023,1023
28.19908700104611,1023,1023
28.19908700104611,1023,1023
28.19908700104611,1023,1023
28.19908700104611,1023,1023
28.19908700104611,1023,1023
28.19908700104611,1023,1023
28.19908700104611,1023,1023
28.19908700104611,1023,1023
28.19908700104611,1023,1023
28.19908700104611,1023,1023
28.19908700104611,1023,1023
28.19908700104611,1023,1023
28.19908700104611,1023,1023
28.19908700104611,1023,1023
28.19908700104611,1023,1023
28.19908700104611,1023,1023
28.19908700104611,1023,1023
28.19908700104611,1023,1023
28.19908700104611,1023,1023
28.19908700104611,1023,1023
28.19908700104611,1023,1023
28.19908700104611,1023,1023
28.19908700104611,1023,1023
28.19908700104611,1023,1023
28.19908700104611,1023,1023
28.19908700104611,1023,1023
28.19908700104611,1023,1023
28.19908700104611,1023,1023
28.19908700104611,1023,1023
28.19908700104611,1023,1023
28.19908700104611,1023,1023
28.19908700104611,1023,1023
28.19908700104611,1023,1023
28.19908700104611,1023,1023
28.19908700104611,1023,1023
28.19908700104611,1023,1023
28.19908700104611,1023,1023
28.19908700104611,1023,1023
28.19908700104611,1023,1023
28.19908700104611,1023,1023
28.19908700104611,1023,1023
28.19908700104611,1023,1023
28.19908700104611,1023,1023
28.19908700104611,1023,1023
28.19908700104611,1023,1023
28.19908700104611,1023,1023
28.19908700104611,1023,1023
28.19908700104611,1023,1023
28.19908700104611,1023,1023
28.19908700104611,1023,1023
28.19908700104611,1023,1023
28.19908700104611,1023,1023
28.19908700104611,1023,1023
28.19908700104611,1023,1023
28.19908700104611,1023,1023
28.19908700104611,1023,1023
28.19908700104611,1023,1023
28.19908700104611,1023,1023
28.19908700104611,1023,1023
28.19908700104611,1023,1023
28.19908700104611,1023,1023
28.19908700104611,1023,1023
28.19908700104611,1023,1023
28.19908700104611,1023,1023
28.19908700104611,1023,1023
28.19908700104611,1023,1023
28.19908700104611,1023,1023
28.19908700104611,1023,1023
28.19908700104611,1023,1023
28.19908700104611,1023,1023
28.19908700104611,1023,1023
28.19908700104611,1023,1023
28.19908700104611,1023,1023
28.19908700104611,1023,1023
28.19908700104611,1023,1023
28.19908700104611,1023,1023
28.19908700104611,1023,1023
28.19908700104611,1023,1023
28.19908700104611,1023,1023
28.19908700104611,1023,1023
28.19908700104611,1023,1023
28.19908700104611,1023,1023
28.19908700104611,1023,1023
28.19908700104611,1023,1023
28.19908700104611,1023,1023
28.19908700104611,1023,1023
28.19908700104611,1023,1023
28.19908700104611,1023,1023
28.19908700104611,1023,1023
28.19908700104611,1023,1023
28.19908700104611,1023,1023
28.19908700104611,1023,1023
28.19908700104611,1023,1023
28.19908700104611,1023,1023
28.19908700104611,1023,1023
28.19908700104611,1023,1023
28.19908700104611,1023,1023
28.19908700104611,1023,1023
28.19908700104611,1023,1023
28.19908700104611,1023,1023
28.19908700104611,1023,1023
28.19908700104611,1023,1023
28.19908700104611,1023,1023
28.19908700104611,1023,1023
28.19908700104611,1023,1023
28.19908700104611,1023,1023
28.19908700104611,1023,1023
28.19908700104611,1023,1023
28.19908700104611,1023,1023
28.19908700104611,1023,1023
28.19908700104611,1023,1023
28.19908700104611,1023,1023
28.19908700104611,1023,1023
28.19908700104611,1023,1023
28.19908700104611,1023,1023
28.19908700104611,1023,1023
28.19908700104611,1023,1023
28.19908700104611,1023,1023
28.19908700104611,1023,1023
28.19908700104611,1023,1023
28.19908700104611,1023,1023
28.19908700104611,1023,1023
28.19908700104611,1023,1023
28.19908700104611,1023,1023
28.19908700104611,1023,1023
28.19908700104611,1023,1023
28.19908700104611,1023,1023
28.19908700104611,1023,1023
28.19908700104611,1023,1023
28.19908700104611,1023,1023
28.19908700104611,1023,1023
28.19908700104611,1023,1023
28.19908700104611,1023,1023
28.19908700104611,1023,1023
28.19908700104611,1023,1023
28.19908700104611,1023,1023
28.19908700104611,1023,1023
28.19908700104611,1023,1023
28.19908700104611,1023,1023
28.19908700104611,1023,1023
28.19908700104611,1023,1023
28.19908700104611,1023,1023
28.19908700104611,1023,1023
28.19908700104611,1023,1023
28.19908700104611,1023,1023
28.19908700104611,1023,1023
28.19908700104611,1023,1023
28.19908700104611,1023,1023
28.19908700104611,1023,1023
28.19908700104611,1023,1023
28.19908700104611,1023,1023
28.19908700104611,1023,1023
28.19908700104611,1023,1023
28.19908700104611,1023,1023
28.19908700104611,1023,1023
28.19908700104611,1023,1023
28.19908700104611,1023,1023
28.19908700104611,1023,1023
28.19908700104611,1023,1023
28.19908700104611,1023,1023
28.19908700104611,1023,1023
28.19908700104611,1023,1023
28.19908700104611,1023,1023
28.19908700104611,1023,1023
28.19908700104611,1023,1023
28.19908700104611,1023,1023
28.19908700104611,1023,1023
28.19908700104611,1023,1023
28.19908700104611,1023,1023
28.19908700104611,1023,1023
28.19908700104611,1023,1023
28.19908700104611,1023,1023
28.19908700104611,1023,1023
28.19908700104611,1023,1023
28.19908700104611,1023,1023
28.19908700104611,1023,1023
28.19908700104611,1023,1023
28.19908700104611,1023,1023
28.19908700104611,1023,1023
28.19908700104611,1023,1023
28.19908700104611,1023,1023
28.19908700104611,1023,1023
28.19908700104611,1023,1023
28.19908700104611,1023,1023
28.19908700104611,1023,1023
28.19908700104611,1023,1023
28.19908700104611,1023,1023
28.19908700104611,1023,1023
28.19908700104611,1023,1023
28.19908700104611,1023,1023
28.19908700104611,1023,1023
28.19908700104611,1023,1023
28.19908700104611,1023,1023
28.19908700104611,1023,1023
28.19908700104611,1023,1023
28.19908700104611,1023,1023
28.19908700104611,1023,1023
28.19908700104611,1023,1023
28.19908700104611,1023,1023
28.19908700104611,1023,1023
28.19908700104611,1023,1023
28.19908700104611,1023,1023
28.19908700104611,1023,1023
28.19908700104611,1023,1023
28.19908700104611,1023,1023
28.19908700104611,1023,1023
28.19908700104611,1023,1023
28.19908700104611,1023,1023
28.19908700104611,1023,1023
28.19908700104611,1023,1023
28.19908700104611,1023,1023
28.19908700104611,1023,1023
28.19908700104611,1023,1023
28.19908700104611,1023,1023
28.19908700104611,1023,1023
28.19908700104611,1023,1023
28.19908700104611,1023,1023
28.19908700104611,1023,1023
28.19908700104611,1023,1023
28.19908700104611,1023,1023
28.19908700104611,1023,1023
28.19908700104611,1023,1023
28.19908700104611,1023,1023
28.19908700104611,1023,1023
28.19908700104611,1023,1023
28.19908700104611,1023,1023
28.19908700104611,1023,1023
28.19908700104611,1023,1023
28.19908700104611,1023,1023
28.19908700104611,1023,1023
28.19908700104611,1023,1023
28.19908700104611,1023,1023
28.19908700104611,1023,1023
28.19908700104611,1023,1023
28.19908700104611,1023,1023
28.19908700104611,1023,1023
28.19908700104611,1023,1023
28.19908700104611,1023,1023
28.19908700104611,1023,1023
28.19908700104611,1023,1023
28.19908700104611,1023,1023
28.19908700104611,1023,1023
28.19908700104611,1023,1023
28.19908700104611,1023,1023
28.19908700104611,1023,1023
28.19908700104611,1023,1023
28.19908700104611,1023,1023
28.19908700104611,1023,1023
28.19908700104611,1023,1023
28.19908700104611,1023,1023
28.19908700104611,1023,1023
28.19908700104611,1023,1023
28.19908700104611,1023,1023
28.19908700104611,1023,1023
28.19908700104611,1023,1023
28.19908700104611,1023,1023
28.19908700104611,1023,1023
28.19908700104611,1023,1023
28.19908700104611,1023,1023
28.19908700104611,1023,1023
28.19908700104611,1023,1023
28.19908700104611,1023,1023
28.19908700104611,1023,1023
28.19908700104611,1023,1023
28.19908700104611,1023,1023
28.19908700104611,1023,1023
28.19908700104611,1023,1023
28.19908700104611,1023,1023
28.19908700104611,1023,1023
28.19908700104611,1023,1023
28.19908700104611,1023,1023
28.19908700104611,1023,1023
28.19908700104611,1023,1023
28.19908700104611,1023,1023
28.19908700104611,1023,1023
28.19908700104611,1023,1023
28.19908700104611,1023,1023
28.19908700104611,1023,1023
28.19908700104611,1023,1023
28.19908700104611,1023,1023
28.19908700104611,1023,1023
28.19908700104611,1023,1023
28.19908700104611,1023,1023
28.19908700104611,1023,1023
28.19908700104611,1023,1023
28.19908700104611,1023,1023
28.19908700104611,1023,1023
28.19908700104611,1023,1023
28.19908700104611,1023,1023
28.19908700104611,1023,1023
28.19908700104611,1023,1023
28.19908700104611,1023,1023
28.19908700104611,1023,1023
28.19908700104611,1023,1023
28.19908700104611,1023,1023
28.19908700104611,1023,1023
28.19908700104611,1023,1023
28.19908700104611,1023,1023
28.19908700104611,1023,1023
28.19908700104611,1023,1023
28.19908700104611,1023,1023
28.19908700104611,1023,1023
28.19908700104611,1023,1023
28.19908700104611,1023,1023
28.19908700104611,1023,1023
28.19908700104611,1023,1023
28.19908700104611,1023,1023
28.19908700104611,1023,1023
28.19908700104611,1023,1023
28.19908700104611,1023,1023
28.19908700104611,1023,1023
28.19908700104611,1023,1023
28.19908700104611,1023,1023
28.19908700104611,1023,1023
28.19908700104611,1023,1023
28.19908700104611,1023,1023
28.19908700104611,1023,1023
28.19908700104611,1023,1023
28.19908700104611,1023,1023
28.19908700104611,1023,1023
28.19908700104611,1023,1023
28.19908700104611,1023,1023
28.19908700104611,1023,1023
28.19908700104611,1023,1023
28.19908700104611,1023,1023
28.19908700104611,1023,1023
28.19908700104611,1023,1023
28.19908700104611,1023,1023
28.19908700104611,1023,1023
28.19908700104611,1023,1023
28.19908700104611,1023,1023
28.19908700104611,1023,1023
28.19908700104611,1023,1023
28.19908700104611,1023,1023
28.19908700104611,1023,1023
28.19908700104611,1023,1023
28.19908700104611,1023,1023
28.19908700104611,1023,1023
28.19908700104611,1023,1023
28.19908700104611,1023,1023
28.19908700104611,1023,1023
28.19908700104611,1023,1023
28.19908700104611,1023,1023
28.19908700104611,1023,1023
28.19908700104611,1023,1023
28.19908700104611,1023,1023
28.19908700104611,1023,1023
28.19908700104611,1023,1023
28.19908700104611,1023,1023
28.19908700104611,1023,1023
28.19908700104611,1023,1023
28.19908700104611,1023,1023
28.19908700104611,1023,1023
28.19908700104611,1023,1023
28.19908700104611,1023,1023
28.19908700104611,1023,1023
28.19908700104611,1023,1023
28.19908700104611,1023,1023
28.19908700104611,1023,1023
28.19908700104611,1023,1023
28.19908700104611,1023,1023
28.19908700104611,1023,1023
28.19908700104611,1023,1023
28.19908700104611,1023,1023
28.19908700104611,1023,1023
28.19908700104611,1023,1023
28.19908700104611,1023,1023
28.19908700104611,1023,1023
28.19908700104611,1023,1023
28.19908700104611,1023,1023
28.19908700104611,1023,1023
28.19908700104611,1023,1023
28.19908700104611,1023,1023
28.19908700104611,1023,1023
28.19908700104611,1023,1023
28.19908700104611,1023,1023
28.19908700104611,1023,1023
28.19908700104611,1023,1023
28.19908700104611,1023,1023
28.19908700104611,1023,1023
28.19908700104611,1023,1023
28.19908700104611,1023,1023
28.19908700104611,1023,1023
28.19908700104611,1023,1023
28.19908700104611,1023,1023
28.19908700104611,1023,1023
28.19908700104611,1023,1023
28.19908700104611,1023,1023
28.19908700104611,1023,1023
28.19908700104611,1023,1023
28.19908700104611,1023,1023
28.19908700104611,1023,1023
28.19908700104611,1023,1023
28.19908700104611,1023,1023
28.19908700104611,1023,1023
28.19908700104611,1023,1023
28.19908700104611,1023,1023
28.19908700104611,1023,1023
28.19908700104611,1023,1023
28.19908700104611,1023,1023
28.19908700104611,1023,1023
28.19908700104611,1023,1023
28.19908700104611,1023,1023
28.19908700104611,1023,1023
28.19908700104611,1023,1023
28.19908700104611,1023,1023
28.19908700104611,1023,1023
28.19908700104611,1023,1023
28.19908700104611,1023,1023
28.19908700104611,1023,1023
28.19908700104611,1023,1023
28.19908700104611,1023,1023
28.19908700104611,1023,1023
28.19908700104611,1023,1023
28.19908700104611,1023,1023
28.19908700104611,1023,1023
28.19908700104611,1023,1023
28.19908700104611,1023,1023
28.19908700104611,1023,1023
28.19908700104611,1023,1023
28.19908700104611,1023,1023
28.19908700104611,1023,1023
28.19908700104611,1023,1023
28.19908700104611,1023,1023
28.19908700104611,1023,1023
28.19908700104611,1023,1023
28.19908700104611,1023,1023
28.19908700104611,1023,1023
28.19908700104611,1023,1023
28.19908700104611,1023,1023
28.19908700104611,1023,1023
28.19908700104611,1023,1023
28.19908700104611,1023,1023
28.19908700104611,1023,1023
28.19908700104611,1023,1023
28.19908700104611,1023,1023
28.19908700104611,1023,1023
28.19908700104611,1023,1023
28.19908700104611,1023,1023
28.19908700104611,1023,1023
28.19908700104611,1023,1023
28.19908700104611,1023,1023
28.19908700104611,1023,1023
28.19908700104611,1023,1023
28.19908700104611,1023,1023
28.19908700104611,1023,1023
28.19908700104611,1023,1023
28.19908700104611,1023,1023
28.19908700104611,1023,1023
28.19908700104611,1023,1023
28.19908700104611,1023,1023
28.19908700104611,1023,1023
28.19908700104611,1023,1023
28.19908700104611,1023,1023
28.19908700104611,1023,1023
28.19908700104611,1023,1023
28.19908700104611,1023,1023
28.19908700104611,1023,1023
28.19908700104611,1023,1023
28.19908700104611,1023,1023
28.19908700104611,1023,1023
28.19908700104611,1023,1023
28.19908700104611,1023,1023
28.19908700104611,1023,1023
28.19908700104611,1023,1023
28.19908700104611,1023,1023
28.19908700104611,1023,1023
28.19908700104611,1023,1023
28.19908700104611,1023,1023
28.19908700104611,1023,1023
28.19908700104611,1023,1023
28.19908700104611,1023,1023
28.19908700104611,1023,1023
28.19908700104611,1023,1023
28.19908700104611,1023,1023
28.19908700104611,1023,1023
28.19908700104611,1023,1023
28.19908700104611,1023,1023
28.19908700104611,1023,1023
28.19908700104611,1023,1023
28.19908700104611,1023,1023
28.19908700104611,1023,1023
28.19908700104611,1023,1023
28.19908700104611,1023,1023
28.19908700104611,1023,1023
28.19908700104611,1023,1023
28.19908700104611,1023,1023
28.19908700104611,1023,1023
28.19908700104611,1023,1023
28.19908700104611,1023,1023
28.19908700104611,1023,1023
28.19908700104611,1023,1023
28.19908700104611,1023,1023
28.19908700104611,1023,1023
28.19908700104611,1023,1023
28.19908700104611,1023,1023
28.19908700104611,1023,1023
28.19908700104611,1023,1023
28.19908700104611,1023,1023
28.19908700104611,1023,1023
28.19908700104611,1023,1023
28.19908700104611,1023,1023
28.19908700104611,1023,1023
28.19908700104611,1023,1023
28.19908700104611,1023,1023
28.19908700104611,1023,1023
28.19908700104611,1023,1023
28.19908700104611,1023,1023
28.19908700104611,1023,1023
28.19908700104611,1023,1023
28.19908700104611,1023,1023
28.19908700104611,1023,1023
28.19908700104611,1023,1023
28.19908700104611,1023,1023
28.19908700104611,1023,1023
28.19908700104611,1023,1023
28.19908700104611,1023,1023
28.19908700104611,1023,1023
28.19908700104611,1023,1023
28.19908700104611,1023,1023
28.19908700104611,1023,1023
28.19908700104611,1023,1023
28.19908700104611,1023,1023
28.19908700104611,1023,1023
28.19908700104611,1023,1023
28.19908700104611,1023,1023
28.19908700104611,1023,1023
28.19908700104611,1023,1023
28.19908700104611,1023,1023
28.19908700104611,1023,1023
28.19908700104611,1023,1023
28.19908700104611,1023,1023
28.19908700104611,1023,1023
28.19908700104611,1023,1023
28.19908700104611,1023,1023
28.19908700104611,1023,1023
28.19908700104611,1023,1023
28.19908700104611,1023,1023
28.19908700104611,1023,1023
28.19908700104611,1023,1023
28.19908700104611,1023,1023
28.19908700104611,1023,1023
28.19908700104611,1023,1023
28.19908700104611,1023,1023
28.19908700104611,1023,1023
28.19908700104611,1023,1023
28.19908700104611,1023,1023
28.19908700104611,1023,1023
28.19908700104611,1023,1023
28.19908700104611,1023,1023
28.19908700104611,1023,1023
28.19908700104611,1023,1023
28.19908700104611,1023,1023
28.19908700104611,1023,1023
28.19908700104611,1023,1023
28.19908700104611,1023,1023
28.19908700104611,1023,1023
28.19908700104611,1023,1023
28.19908700104611,1023,1023
28.19908700104611,1023,1023
28.19908700104611,1023,1023
28.19908700104611,1023,1023
28.19908700104611,1023,1023
28.19908700104611,1023,1023
28.19908700104611,1023,1023
28.19908700104611,1023,1023
28.19908700104611,1023,1023
28.19908700104611,1023,1023
28.19908700104611,1023,1023
28.19908700104611,1023,1023
28.19908700104611,1023,1023
28.19908700104611,1023,1023
28.19908700104611,1023,1023
28.19908700104611,1023,1023
28.19908700104611,1023,1023
28.19908700104611,1023,1023
28.19908700104611,1023,1023
28.19908700104611,1023,1023
28.19908700104611,1023,1023
28.19908700104611,1023,1023
28.19908700104611,1023,1023
28.19908700104611,1023,1023
28.19908700104611,1023,1023
28.19908700104611,1023,1023
28.19908700104611,1023,1023
28.19908700104611,1023,1023
28.19908700104611,1023,1023
28.19908700104611,1023,1023
28.19908700104611,1023,1023
28.19908700104611,1023,1023
28.19908700104611,1023,1023
28.19908700104611,1023,1023
28.19908700104611,1023,1023
28.19908700104611,1023,1023
28.19908700104611,1023,1023
28.19908700104611,1023,1023
28.19908700104611,1023,1023
28.19908700104611,1023,1023
28.19908700104611,1023,1023
28.19908700104611,1023,1023
28.19908700104611,1023,1023
28.19908700104611,1023,1023
28.19908700104611,1023,1023
28.19908700104611,1023,1023
28.19908700104611,1023,1023
28.19908700104611,1023,1023
28.19908700104611,1023,1023
28.19908700104611,1023,1023
28.19908700104611,1023,1023
28.19908700104611,1023,1023
28.19908700104611,1023,1023
28.19908700104611,1023,1023
28.19908700104611,1023,1023
28.19908700104611,1023,1023
28.19908700104611,1023,1023
28.19908700104611,1023,1023
28.19908700104611,1023,1023
28.19908700104611,1023,1023
28.19908700104611,1023,1023
28.19908700104611,1023,1023
28.19908700104611,1023,1023
28.19908700104611,1023,1023
28.19908700104611,1023,1023
28.19908700104611,1023,1023
28.19908700104611,1023,1023
28.19908700104611,1023,1023
28.19908700104611,1023,1023
28.19908700104611,1023,1023
28.19908700104611,1023,1023
28.19908700104611,1023,1023
28.19908700104611,1023,1023
28.19908700104611,1023,1023
28.19908700104611,1023,1023
28.19908700104611,1023,1023
28.19908700104611,1023,1023
28.19908700104611,1023,1023
28.19908700104611,1023,1023
28.19908700104611,1023,1023
28.19908700104611,1023,1023
28.19908700104611,1023,1023
28.19908700104611,1023,1023
28.19908700104611,1023,1023
28.19908700104611,1023,1023
28.19908700104611,1023,1023
28.19908700104611,1023,1023
28.19908700104611,1023,1023
28.19908700104611,1023,1023
28.19908700104611,1023,1023
28.19908700104611,1023,1023
28.19908700104611,1023,1023
28.19908700104611,1023,1023
28.19908700104611,1023,1023
28.19908700104611,1023,1023
28.19908700104611,1023,1023
28.19908700104611,1023,1023
28.19908700104611,1023,1023
28.19908700104611,1023,1023
28.19908700104611,1023,1023
28.19908700104611,1023,1023
28.19908700104611,1023,1023
28.19908700104611,1023,1023
28.19908700104611,1023,1023
28.19908700104611,1023,1023
28.19908700104611,1023,1023
28.19908700104611,1023,1023
28.19908700104611,1023,1023
28.19908700104611,1023,1023
28.19908700104611,1023,1023
28.19908700104611,1023,1023
28.19908700104611,1023,1023
28.19908700104611,1023,1023
28.19908700104611,1023,1023
28.19908700104611,1023,1023
28.19908700104611,1023,1023
28.19908700104611,1023,1023
28.19908700104611,1023,1023
28.19908700104611,1023,1023
28.19908700104611,1023,1023
28.19908700104611,1023,1023
28.19908700104611,1023,1023
28.19908700104611,1023,1023
28.19908700104611,1023,1023
28.19908700104611,1023,1023
28.19908700104611,1023,1023
28.19908700104611,1023,1023
28.19908700104611,1023,1023
28.19908700104611,1023,1023
28.19908700104611,1023,1023
28.19908700104611,1023,1023
28.19908700104611,1023,1023
28.19908700104611,1023,1023
28.19908700104611,1023,1023
28.19908700104611,1023,1023
28.19908700104611,1023,1023
28.19908700104611,1023,1023
28.19908700104611,1023,1023
28.19908700104611,1023,1023
28.19908700104611,1023,1023
28.19908700104611,1023,1023
28.19908700104611,1023,1023
28.19908700104611,1023,1023
28.19908700104611,1023,1023
28.19908700104611,1023,1023
28.19908700104611,1023,1023
28.19908700104611,1023,1023
28.19908700104611,1023,1023
28.19908700104611,1023,1023
28.19908700104611,1023,1023
28.19908700104611,1023,1023
28.19908700104611,1023,1023
28.19908700104611,1023,1023
28.19908700104611,1023,1023
28.19908700104611,1023,1023
28.19908700104611,1023,1023
28.19908700104611,1023,1023
28.19908700104611,1023,1023
28.19908700104611,1023,1023
28.19908700104611,1023,1023
28.19908700104611,1023,1023
28.19908700104611,1023,1023
28.19908700104611,1023,1023
28.19908700104611,1023,1023
28.19908700104611,1023,1023
28.19908700104611,1023,1023
28.19908700104611,1023,1023
28.19908700104611,1023,1023
28.19908700104611,1023,1023
28.19908700104611,1023,1023
28.19908700104611,1023,1023
28.19908700104611,1023,1023
28.19908700104611,1023,1023
28.19908700104611,1023,1023
28.19908700104611,1023,1023
28.19908700104611,1023,1023
28.19908700104611,1023,1023
28.19908700104611,1023,1023
28.19908700104611,1023,1023
28.19908700104611,1023,1023
28.19908700104611,1023,1023
28.19908700104611,1023,1023
28.19908700104611,1023,1023
28.19908700104611,1023,1023
28.19908700104611,1023,1023
28.19908700104611,1023,1023
28.19908700104611,1023,1023
28.19908700104611,1023,1023
28.19908700104611,1023,1023
28.19908700104611,1023,1023
28.19908700104611,1023,1023
28.19908700104611,1023,1023
28.19908700104611,1023,1023
28.19908700104611,1023,1023
28.19908700104611,1023,1023
28.19908700104611,1023,1023
28.19908700104611,1023,1023
28.19908700104611,1023,1023
28.19908700104611,1023,1023
28.19908700104611,1023,1023
28.19908700104611,1023,1023
28.19908700104611,1023,1023
28.19908700104611,1023,1023
28.19908700104611,1023,1023
28.19908700104611,1023,1023
28.19908700104611,1023,1023
28.19908700104611,1023,1023
28.19908700104611,1023,1023
28.19908700104611,1023,1023
28.19908700104611,1023,1023
28.19908700104611,1023,1023
28.19908700104611,1023,1023
28.19908700104611,1023,1023
28.19908700104611,1023,1023
28.19908700104611,1023,1023
28.19908700104611,1023,1023
28.19908700104611,1023,1023
28.19908700104611,1023,1023
28.19908700104611,1023,1023
28.19908700104611,1023,1023
28.19908700104611,1023,1023
28.19908700104611,1023,1023
28.19908700104611,1023,1023
28.19908700104611,1023,1023
28.19908700104611,1023,1023
28.19908700104611,1023,1023
28.19908700104611,1023,1023
28.19908700104611,1023,1023
28.19908700104611,1023,1023
28.19908700104611,1023,1023
28.19908700104611,1023,1023
28.19908700104611,1023,1023
28.19908700104611,1023,1023
28.19908700104611,1023,1023
28.19908700104611,1023,1023
28.19908700104611,1023,1023
28.19908700104611,1023,1023
28.19908700104611,1023,1023
28.19908700104611,1023,1023
28.19908700104611,1023,1023
28.19908700104611,1023,1023
28.19908700104611,1023,1023
28.19908700104611,1023,1023
28.19908700104611,1023,1023
28.19908700104611,1023,1023
28.19908700104611,1023,1023
28.19908700104611,1023,1023
28.19908700104611,1023,1023
28.19908700104611,1023,1023
28.19908700104611,1023,1023
28.19908700104611,1023,1023
28.19908700104611,1023,1023
28.19908700104611,1023,1023
28.19908700104611,1023,1023
28.19908700104611,1023,1023
28.19908700104611,1023,1023
28.19908700104611,1023,1023
28.19908700104611,1023,1023
28.19908700104611,1023,1023
28.19908700104611,1023,1023
28.19908700104611,1023,1023
28.19908700104611,1023,1023
28.19908700104611,1023,1023
28.19908700104611,1023,1023
28.19908700104611,1023,1023
28.19908700104611,1023,1023
28.19908700104611,1023,1023
28.19908700104611,1023,1023
28.19908700104611,1023,1023
28.19908700104611,1023,1023
28.19908700104611,1023,1023
28.19908700104611,1023,1023
28.19908700104611,1023,1023
28.19908700104611,1023,1023
28.19908700104611,1023,1023
28.19908700104611,1023,1023
28.19908700104611,1023,1023
28.19908700104611,1023,1023
28.19908700104611,1023,1023
28.19908700104611,1023,1023
28.19908700104611,1023,1023
28.19908700104611,1023,1023
28.19908700104611,1023,1023
28.19908700104611,1023,1023
28.19908700104611,1023,1023
28.19908700104611,1023,1023
28.19908700104611,1023,1023
28.19908700104611,1023,1023
28.19908700104611,1023,1023
28.19908700104611,1023,1023
28.19908700104611,1023,1023
28.19908700104611,1023,1023
28.19908700104611,1023,1023
28.19908700104611,1023,1023
28.19908700104611,1023,1023
28.19908700104611,1023,1023
28.19908700104611,1023,1023
28.19908700104611,1023,1023
28.19908700104611,1023,1023
28.19908700104611,1023,1023
28.19908700104611,1023,1023
28.19908700104611,1023,1023
28.19908700104611,1023,1023
28.19908700104611,1023,1023
28.19908700104611,1023,1023
28.19908700104611,1023,1023
28.19908700104611,1023,1023
28.19908700104611,1023,1023
28.19908700104611,1023,1023
28.19908700104611,1023,1023
28.19908700104611,1023,1023
28.19908700104611,1023,1023
28.19908700104611,1023,1023
28.19908700104611,1023,1023
28.19908700104611,1023,1023
28.19908700104611,1023,1023
28.19908700104611,1023,1023
28.19908700104611,1023,1023
28.19908700104611,1023,1023
28.19908700104611,1023,1023
28.19908700104611,1023,1023
28.19908700104611,1023,1023
28.19908700104611,1023,1023
28.19908700104611,1023,1023
28.19908700104611,1023,1023
28.19908700104611,1023,1023
28.19908700104611,1023,1023
28.19908700104611,1023,1023
28.19908700104611,1023,1023
28.19908700104611,1023,1023
28.19908700104611,1023,1023
28.19908700104611,1023,1023
28.19908700104611,1023,1023
28.19908700104611,1023,1023
28.19908700104611,1023,1023
28.19908700104611,1023,1023
28.19908700104611,1023,1023
28.19908700104611,1023,1023
28.19908700104611,1023,1023
28.19908700104611,1023,1023
28.19908700104611,1023,1023
28.19908700104611,1023,1023
28.19908700104611,1023,1023
28.19908700104611,1023,1023
28.19908700104611,1023,1023
28.19908700104611,1023,1023
28.19908700104611,1023,1023
28.19908700104611,1023,1023
28.19908700104611,1023,1023
28.19908700104611,1023,1023
28.19908700104611,1023,1023
28.19908700104611,1023,1023
28.19908700104611,1023,1023
28.19908700104611,1023,1023
28.19908700104611,1023,1023
28.19908700104611,1023,1023
28.19908700104611,1023,1023
28.19908700104611,1023,1023
28.19908700104611,1023,1023
28.19908700104611,1023,1023
28.19908700104611,1023,1023
28.19908700104611,1023,1023
28.19908700104611,1023,1023
28.19908700104611,1023,1023
28.19908700104611,1023,1023
28.19908700104611,1023,1023
28.19908700104611,1023,1023
28.19908700104611,1023,1023
28.19908700104611,1023,1023
28.19908700104611,1023,1023
28.19908700104611,1023,1023
28.19908700104611,1023,1023
28.19908700104611,1023,1023
28.19908700104611,1023,1023
28.19908700104611,1023,1023
28.19908700104611,1023,1023
28.19908700104611,1023,1023
28.19908700104611,1023,1023
28.19908700104611,1023,1023
28.19908700104611,1023,1023
28.19908700104611,1023,1023
28.19908700104611,1023,1023
28.19908700104611,1023,1023
28.19908700104611,1023,1023
28.19908700104611,1023,1023
28.19908700104611,1023,1023
28.19908700104611,1023,1023
28.19908700104611,1023,1023
28.19908700104611,1023,1023
28.19908700104611,1023,1023
28.19908700104611,1023,1023
28.19908700104611,1023,1023
28.19908700104611,1023,1023
28.19908700104611,1023,1023
28.19908700104611,1023,1023
28.19908700104611,1023,1023
28.19908700104611,1023,1023
28.19908700104611,1023,1023
28.19908700104611,1023,1023
28.19908700104611,1023,1023
28.19908700104611,1023,1023
28.19908700104611,1023,1023
28.19908700104611,1023,1023
28.19908700104611,1023,1023
28.19908700104611,1023,1023
28.19908700104611,1023,1023
28.19908700104611,1023,1023
28.19908700104611,1023,1023
28.19908700104611,1023,1023
28.19908700104611,1023,1023
28.19908700104611,1023,1023
28.19908700104611,1023,1023
28.19908700104611,1023,1023
28.19908700104611,1023,1023
28.19908700104611,1023,1023
28.19908700104611,1023,1023
28.19908700104611,1023,1023
28.19908700104611,1023,1023
28.19908700104611,1023,1023
28.19908700104611,1023,1023
28.19908700104611,1023,1023
28.19908700104611,1023,1023
28.19908700104611,1023,1023
28.19908700104611,1023,1023
28.19908700104611,1023,1023
28.19908700104611,1023,1023
28.19908700104611,1023,1023
28.19908700104611,1023,1023
28.19908700104611,1023,1023
28.19908700104611,1023,1023
28.19908700104611,1023,1023
28.19908700104611,1023,1023
28.19908700104611,1023,1023
28.19908700104611,1023,1023
28.19908700104611,1023,1023
28.19908700104611,1023,1023
28.19908700104611,1023,1023
28.19908700104611,1023,1023
28.19908700104611,1023,1023
28.19908700104611,1023,1023
28.19908700104611,1023,1023
28.19908700104611,1023,1023
28.19908700104611,1023,1023
28.19908700104611,1023,1023
28.19908700104611,1023,1023
28.19908700104611,1023,1023
28.19908700104611,1023,1023
28.19908700104611,1023,1023
28.19908700104611,1023,1023
28.19908700104611,1023,1023
28.19908700104611,1023,1023
28.19908700104611,1023,1023
28.19908700104611,1023,1023
28.19908700104611,1023,1023
28.19908700104611,1023,1023
28.19908700104611,1023,1023
28.19908700104611,1023,1023
28.19908700104611,1023,1023
28.19908700104611,1023,1023
28.19908700104611,1023,1023
28.19908700104611,1023,1023
28.19908700104611,1023,1023
28.19908700104611,1023,1023
28.19908700104611,1023,1023
28.19908700104611,1023,1023
28.19908700104611,1023,1023
28.19908700104611,1023,1023
28.19908700104611,1023,1023
28.19908700104611,1023,1023
28.19908700104611,1023,1023
28.19908700104611,1023,1023
28.19908700104611,1023,1023
28.19908700104611,1023,1023
28.19908700104611,1023,1023
28.19908700104611,1023,1023
28.19908700104611,1023,1023
28.19908700104611,1023,1023
28.19908700104611,1023,1023
28.19908700104611,1023,1023
28.19908700104611,1023,1023
28.19908700104611,1023,1023
28.19908700104611,1023,1023
28.19908700104611,1023,1023
28.19908700104611,1023,1023
28.19908700104611,1023,1023
28.19908700104611,1023,1023
28.19908700104611,1023,1023
28.19908700104611,1023,1023
28.19908700104611,1023,1023
28.19908700104611,1023,1023
28.19908700104611,1023,1023
28.19908700104611,1023,1023
28.19908700104611,1023,1023
28.19908700104611,1023,1023
28.19908700104611,1023,1023
28.19908700104611,1023,1023
28.19908700104611,1023,1023
28.19908700104611,1023,1023
28.19908700104611,1023,1023
28.19908700104611,1023,1023
28.19908700104611,1023,1023
28.19908700104611,1023,1023
28.19908700104611,1023,1023
28.19908700104611,1023,1023
28.19908700104611,1023,1023
28.19908700104611,1023,1023
28.19908700104611,1023,1023
28.19908700104611,1023,1023
28.19908700104611,1023,1023
28.19908700104611,1023,1023
28.19908700104611,1023,1023
28.19908700104611,1023,1023
28.19908700104611,1023,1023
28.19908700104611,1023,1023
28.19908700104611,1023,1023
28.19908700104611,1023,1023
28.19908700104611,1023,1023
28.19908700104611,1023,1023
28.19908700104611,1023,1023
28.19908700104611,1023,1023
28.19908700104611,1023,1023
28.19908700104611,1023,1023
28.19908700104611,1023,1023
28.19908700104611,1023,1023
28.19908700104611,1023,1023
28.19908700104611,1023,1023
28.19908700104611,1023,1023
28.19908700104611,1023,1023
28.19908700104611,1023,1023
28.19908700104611,1023,1023
28.19908700104611,1023,1023
28.19908700104611,1023,1023
28.19908700104611,1023,1023
28.19908700104611,1023,1023
28.19908700104611,1023,1023
28.19908700104611,1023,1023
28.19908700104611,1023,1023
28.19908700104611,1023,1023
28.19908700104611,1023,1023
28.19908700104611,1023,1023
28.19908700104611,1023,1023
28.19908700104611,1023,1023
28.19908700104611,1023,1023
28.19908700104611,1023,1023
28.19908700104611,1023,1023
28.19908700104611,1023,1023
28.19908700104611,1023,1023
28.19908700104611,1023,1023
28.19908700104611,1023,1023
28.19908700104611,1023,1023
28.19908700104611,1023,1023
28.19908700104611,1023,1023
28.19908700104611,1023,1023
28.19908700104611,1023,1023
28.19908700104611,1023,1023
28.19908700104611,1023,1023
28.19908700104611,1023,1023
28.19908700104611,1023,1023
28.19908700104611,1023,1023
28.19908700104611,1023,1023
28.19908700104611,1023,1023
28.19908700104611,1023,1023
28.19908700104611,1023,1023
28.19908700104611,1023,1023
28.19908700104611,1023,1023
28.19908700104611,1023,1023
28.19908700104611,1023,1023
28.19908700104611,1023,1023
28.19908700104611,1023,1023
28.19908700104611,1023,1023
28.19908700104611,1023,1023
28.19908700104611,1023,1023
28.19908700104611,1023,1023
28.19908700104611,1023,1023
28.19908700104611,1023,1023
28.19908700104611,1023,1023
28.19908700104611,1023,1023
28.19908700104611,1023,1023
28.19908700104611,1023,1023
28.19908700104611,1023,1023
28.19908700104611,1023,1023
28.19908700104611,1023,1023
28.19908700104611,1023,1023
28.19908700104611,1023,1023
28.19908700104611,1023,1023
28.19908700104611,1023,1023
28.19908700104611,1023,1023
28.19908700104611,1023,1023
28.19908700104611,1023,1023
28.19908700104611,1023,1023
28.19908700104611,1023,1023
28.19908700104611,1023,1023
28.19908700104611,1023,1023
28.19908700104611,1023,1023
28.19908700104611,1023,1023
28.19908700104611,1023,1023
28.19908700104611,1023,1023
28.19908700104611,1023,1023
28.19908700104611,1023,1023
28.19908700104611,1023,1023
28.19908700104611,1023,1023
28.19908700104611,1023,1023
28.19908700104611,1023,1023
28.19908700104611,1023,1023
28.19908700104611,1023,1023
28.19908700104611,1023,1023
28.19908700104611,1023,1023
28.19908700104611,1023,1023
28.19908700104611,1023,1023
28.19908700104611,1023,1023
28.19908700104611,1023,1023
28.19908700104611,1023,1023
28.19908700104611,1023,1023
28.19908700104611,1023,1023
28.19908700104611,1023,1023
28.19908700104611,1023,1023
28.19908700104611,1023,1023
28.19908700104611,1023,1023
28.19908700104611,1023,1023
28.19908700104611,1023,1023
28.19908700104611,1023,1023
28.19908700104611,1023,1023
28.19908700104611,1023,1023
28.19908700104611,1023,1023
28.19908700104611,1023,1023
28.19908700104611,1023,1023
28.19908700104611,1023,1023
28.19908700104611,1023,1023
28.19908700104611,1023,1023
28.19908700104611,1023,1023
28.19908700104611,1023,1023
28.19908700104611,1023,1023
28.19908700104611,1023,1023
28.19908700104611,1023,1023
28.19908700104611,1023,1023
28.19908700104611,1023,1023
28.19908700104611,1023,1023
28.19908700104611,1023,1023
28.19908700104611,1023,1023
28.19908700104611,1023,1023
28.19908700104611,1023,1023
28.19908700104611,1023,1023
28.19908700104611,1023,1023
28.19908700104611,1023,1023
28.19908700104611,1023,1023
28.19908700104611,1023,1023
28.19908700104611,1023,1023
28.19908700104611,1023,1023
28.19908700104611,1023,1023
28.19908700104611,1023,1023
28.19908700104611,1023,1023
28.19908700104611,1023,1023
28.19908700104611,1023,1023
28.19908700104611,1023,1023
28.19908700104611,1023,1023
28.19908700104611,1023,1023
28.19908700104611,1023,1023
28.19908700104611,1023,1023
28.19908700104611,1023,1023
28.19908700104611,1023,1023
28.19908700104611,1023,1023
28.19908700104611,1023,1023
28.19908700104611,1023,1023
28.19908700104611,1023,1023
28.19908700104611,1023,1023
28.19908700104611,1023,1023
28.19908700104611,1023,1023
28.19908700104611,1023,1023
28.19908700104611,1023,1023
28.19908700104611,1023,1023
28.19908700104611,1023,1023
28.19908700104611,1023,1023
28.19908700104611,1023,1023
28.19908700104611,1023,1023
28.19908700104611,1023,1023
28.19908700104611,1023,1023
28.19908700104611,1023,1023
28.19908700104611,1023,1023
28.19908700104611,1023,1023
28.19908700104611,1023,1023
28.19908700104611,1023,1023
28.19908700104611,1023,1023
28.19908700104611,1023,1023
28.19908700104611,1023,1023
28.19908700104611,1023,1023
28.19908700104611,1023,1023
28.19908700104611,1023,1023
28.19908700104611,1023,1023
28.19908700104611,1023,1023
28.19908700104611,1023,1023
28.19908700104611,1023,1023
28.19908700104611,1023,1023
28.19908700104611,1023,1023
28.19908700104611,1023,1023
28.19908700104611,1023,1023
28.19908700104611,1023,1023
28.19908700104611,1023,1023
28.19908700104611,1023,1023
28.19908700104611,1023,1023
28.19908700104611,1023,1023
28.19908700104611,1023,1023
28.19908700104611,1023,1023
28.19908700104611,1023,1023
28.19908700104611,1023,1023
28.19908700104611,1023,1023
28.19908700104611,1023,1023
28.19908700104611,1023,1023
28.19908700104611,1023,1023
28.19908700104611,1023,1023
28.19908700104611,1023,1023
28.19908700104611,1023,1023
28.19908700104611,1023,1023
28.19908700104611,1023,1023
28.19908700104611,1023,1023
28.19908700104611,1023,1023
28.19908700104611,1023,1023
28.19908700104611,1023,1023
28.19908700104611,1023,1023
28.19908700104611,1023,1023
28.19908700104611,1023,1023
28.19908700104611,1023,1023
28.19908700104611,1023,1023
28.19908700104611,1023,1023
28.19908700104611,1023,1023
28.19908700104611,1023,1023
28.19908700104611,1023,1023
28.19908700104611,1023,1023
28.19908700104611,1023,1023
28.19908700104611,1023,1023
28.19908700104611,1023,1023
28.19908700104611,1023,1023
28.19908700104611,1023,1023
28.19908700104611,1023,1023
28.19908700104611,1023,1023
28.19908700104611,1023,1023
28.19908700104611,1023,1023
28.19908700104611,1023,1023
28.19908700104611,1023,1023
28.19908700104611,1023,1023
28.19908700104611,1023,1023
28.19908700104611,1023,1023
28.19908700104611,1023,1023
28.19908700104611,1023,1023
28.19908700104611,1023,1023
28.19908700104611,1023,1023
28.19908700104611,1023,1023
28.19908700104611,1023,1023
28.19908700104611,1023,1023
28.19908700104611,1023,1023
28.19908700104611,1023,1023
28.19908700104611,1023,1023
28.19908700104611,1023,1023
28.19908700104611,1023,1023
28.19908700104611,1023,1023
28.19908700104611,1023,1023
28.19908700104611,1023,1023
28.19908700104611,1023,1023
28.19908700104611,1023,1023
28.19908700104611,1023,1023
28.19908700104611,1023,1023
28.19908700104611,1023,1023
28.19908700104611,1023,1023
28.19908700104611,1023,1023
28.19908700104611,1023,1023
28.19908700104611,1023,1023
28.19908700104611,1023,1023
28.19908700104611,1023,1023
28.19908700104611,1023,1023
28.19908700104611,1023,1023
28.19908700104611,1023,1023
28.19908700104611,1023,1023
28.19908700104611,1023,1023
28.19908700104611,1023,1023
28.19908700104611,1023,1023
28.19908700104611,1023,1023
28.19908700104611,1023,1023
28.19908700104611,1023,1023
28.19908700104611,1023,1023
28.19908700104611,1023,1023
28.19908700104611,1023,1023
28.19908700104611,1023,1023
28.19908700104611,1023,1023
28.19908700104611,1023,1023
28.19908700104611,1023,1023
28.19908700104611,1023,1023
28.19908700104611,1023,1023
28.19908700104611,1023,1023
28.19908700104611,1023,1023
28.19908700104611,1023,1023
28.19908700104611,1023,1023
28.19908700104611,1023,1023
28.19908700104611,1023,1023
28.19908700104611,1023,1023
28.19908700104611,1023,1023
28.19908700104611,1023,1023
28.19908700104611,1023,1023
28.19908700104611,1023,1023
28.19908700104611,1023,1023
28.19908700104611,1023,1023
28.19908700104611,1023,1023
28.19908700104611,1023,1023
28.19908700104611,1023,1023
28.19908700104611,1023,1023
28.19908700104611,1023,1023
28.19908700104611,1023,1023
28.19908700104611,1023,1023
28.19908700104611,1023,1023
28.19908700104611,1023,1023
28.19908700104611,1023,1023
28.19908700104611,1023,1023
28.19908700104611,1023,1023
28.19908700104611,1023,1023
28.19908700104611,1023,1023
28.19908700104611,1023,1023
28.19908700104611,1023,1023
28.19908700104611,1023,1023
28.19908700104611,1023,1023
28.19908700104611,1023,1023
28.19908700104611,1023,1023
28.19908700104611,1023,1023
28.19908700104611,1023,1023
28.19908700104611,1023,1023
28.19908700104611,1023,1023
28.19908700104611,1023,1023
28.19908700104611,1023,1023
28.19908700104611,1023,1023
28.19908700104611,1023,1023
28.19908700104611,1023,1023
28.19908700104611,1023,1023
28.19908700104611,1023,1023
28.19908700104611,1023,1023
28.19908700104611,1023,1023
28.19908700104611,1023,1023
28.19908700104611,1023,1023
28.19908700104611,1023,1023
28.19908700104611,1023,1023
28.19908700104611,1023,1023
28.19908700104611,1023,1023
28.19908700104611,1023,1023
28.19908700104611,1023,1023
28.19908700104611,1023,1023
28.19908700104611,1023,1023
28.19908700104611,1023,1023
28.19908700104611,1023,1023
28.19908700104611,1023,1023
28.19908700104611,1023,1023
28.19908700104611,1023,1023
28.19908700104611,1023,1023
28.19908700104611,1023,1023
28.19908700104611,1023,1023
28.19908700104611,1023,1023
28.19908700104611,1023,1023
28.19908700104611,1023,1023
28.19908700104611,1023,1023
28.19908700104611,1023,1023
28.19908700104611,1023,1023
28.19908700104611,1023,1023
28.19908700104611,1023,1023
28.19908700104611,1023,1023
28.19908700104611,1023,1023
28.19908700104611,1023,1023
28.19908700104611,1023,1023
28.19908700104611,1023,1023
28.19908700104611,1023,1023
28.19908700104611,1023,1023
28.19908700104611,1023,1023
28.19908700104611,1023,1023
28.19908700104611,1023,1023
28.19908700104611,1023,1023
28.19908700104611,1023,1023
28.19908700104611,1023,1023
28.19908700104611,1023,1023
28.19908700104611,1023,1023
28.19908700104611,1023,1023
28.19908700104611,1023,1023
28.19908700104611,1023,1023
28.19908700104611,1023,1023
28.19908700104611,1023,1023
28.19908700104611,1023,1023
28.19908700104611,1023,1023
28.19908700104611,1023,1023
28.19908700104611,1023,1023
28.19908700104611,1023,1023
28.19908700104611,1023,1023
28.19908700104611,1023,1023
28.19908700104611,1023,1023
28.19908700104611,1023,1023
28.19908700104611,1023,1023
28.19908700104611,1023,1023
28.19908700104611,1023,1023
28.19908700104611,1023,1023
28.19908700104611,1023,1023
28.19908700104611,1023,1023
28.19908700104611,1023,1023
28.19908700104611,1023,1023
28.19908700104611,1023,1023
28.19908700104611,1023,1023
28.19908700104611,1023,1023
28.19908700104611,1023,1023
28.19908700104611,1023,1023
28.19908700104611,1023,1023
28.19908700104611,1023,1023
28.19908700104611,1023,1023
28.19908700104611,1023,1023
28.19908700104611,1023,1023
28.19908700104611,1023,1023
28.19908700104611,1023,1023
28.19908700104611,1023,1023
28.19908700104611,1023,1023
28.19908700104611,1023,1023
28.19908700104611,1023,1023
28.19908700104611,1023,1023
28.19908700104611,1023,1023
28.19908700104611,1023,1023
28.19908700104611,1023,1023
28.19908700104611,1023,1023
28.19908700104611,1023,1023
28.19908700104611,1023,1023
28.19908700104611,1023,1023
28.19908700104611,1023,1023
28.19908700104611,1023,1023
28.19908700104611,1023,1023
28.19908700104611,1023,1023
28.19908700104611,1023,1023
28.19908700104611,1023,1023
28.19908700104611,1023,1023
28.19908700104611,1023,1023
28.19908700104611,1023,1023
28.19908700104611,1023,1023
28.19908700104611,1023,1023
28.19908700104611,1023,1023
28.19908700104611,1023,1023
28.19908700104611,1023,1023
28.19908700104611,1023,1023
28.19908700104611,1023,1023
28.19908700104611,1023,1023
28.19908700104611,1023,1023
28.19908700104611,1023,1023
28.19908700104611,1023,1023
28.19908700104611,1023,1023
28.19908700104611,1023,1023
28.19908700104611,1023,1023
28.19908700104611,1023,1023
28.19908700104611,1023,1023
28.19908700104611,1023,1023
28.19908700104611,1023,1023
28.19908700104611,1023,1023
28.19908700104611,1023,1023
28.19908700104611,1023,1023
28.19908700104611,1023,1023
28.19908700104611,1023,1023
28.19908700104611,1023,1023
28.19908700104611,1023,1023
28.19908700104611,1023,1023
28.19908700104611,1023,1023
28.19908700104611,1023,1023
28.19908700104611,1023,1023
28.19908700104611,1023,1023
28.19908700104611,1023,1023
28.19908700104611,1023,1023
28.19908700104611,1023,1023
28.19908700104611,1023,1023
28.19908700104611,1023,1023
28.19908700104611,1023,1023
28.19908700104611,1023,1023
28.19908700104611,1023,1023
28.19908700104611,1023,1023
28.19908700104611,1023,1023
28.19908700104611,1023,1023
28.19908700104611,1023,1023
28.19908700104611,1023,1023
28.19908700104611,1023,1023
28.19908700104611,1023,1023
28.19908700104611,1023,1023
28.19908700104611,1023,1023
28.19908700104611,1023,1023
28.19908700104611,1023,1023
28.19908700104611,1023,1023
28.19908700104611,1023,1023
28.19908700104611,1023,1023
28.19908700104611,1023,1023
28.19908700104611,1023,1023
28.19908700104611,1023,1023
28.19908700104611,1023,1023
28.19908700104611,1023,1023
28.19908700104611,1023,1023
28.19908700104611,1023,1023
28.19908700104611,1023,1023
28.19908700104611,1023,1023
28.19908700104611,1023,1023
28.19908700104611,1023,1023
28.19908700104611,1023,1023
28.19908700104611,1023,1023
28.19908700104611,1023,1023
28.19908700104611,1023,1023
28.19908700104611,1023,1023
28.19908700104611,1023,1023
28.19908700104611,1023,1023
28.19908700104611,1023,1023
28.19908700104611,1023,1023
28.19908700104611,1023,1023
28.19908700104611,1023,1023
28.19908700104611,1023,1023
28.19908700104611,1023,1023
28.19908700104611,1023,1023
28.19908700104611,1023,1023
28.19908700104611,1023,1023
28.19908700104611,1023,1023
28.19908700104611,1023,1023
28.19908700104611,1023,1023
28.19908700104611,1023,1023
28.19908700104611,1023,1023
28.19908700104611,1023,1023
28.19908700104611,1023,1023
28.19908700104611,1023,1023
28.19908700104611,1023,1023
28.19908700104611,1023,1023
28.19908700104611,1023,1023
28.19908700104611,1023,1023
28.19908700104611,1023,1023
28.19908700104611,1023,1023
28.19908700104611,1023,1023
28.19908700104611,1023,1023
28.19908700104611,1023,1023
28.19908700104611,1023,1023
28.19908700104611,1023,1023
28.19908700104611,1023,1023
28.19908700104611,1023,1023
28.19908700104611,1023,1023
28.19908700104611,1023,1023
28.19908700104611,1023,1023
28.19908700104611,1023,1023
28.19908700104611,1023,1023
28.19908700104611,1023,1023
28.19908700104611,1023,1023
28.19908700104611,1023,1023
28.19908700104611,1023,1023
28.19908700104611,1023,1023
28.19908700104611,1023,1023
28.19908700104611,1023,1023
28.19908700104611,1023,1023
28.19908700104611,1023,1023
28.19908700104611,1023,1023
28.19908700104611,1023,1023
28.19908700104611,1023,1023
28.19908700104611,1023,1023
28.19908700104611,1023,1023
28.19908700104611,1023,1023
28.19908700104611,1023,1023
28.19908700104611,1023,1023
28.19908700104611,1023,1023
28.19908700104611,1023,1023
28.19908700104611,1023,1023
28.19908700104611,1023,1023
28.19908700104611,1023,1023
28.19908700104611,1023,1023
28.19908700104611,1023,1023
28.19908700104611,1023,1023
28.19908700104611,1023,1023
28.19908700104611,1023,1023
28.19908700104611,1023,1023
28.19908700104611,1023,1023
28.19908700104611,1023,1023
28.19908700104611,1023,1023
28.19908700104611,1023,1023
28.19908700104611,1023,1023
28.19908700104611,1023,1023
28.19908700104611,1023,1023
28.19908700104611,1023,1023
28.19908700104611,1023,1023
28.19908700104611,1023,1023
28.19908700104611,1023,1023
28.19908700104611,1023,1023
28.19908700104611,1023,1023
28.19908700104611,1023,1023
28.19908700104611,1023,1023
28.19908700104611,1023,1023
28.19908700104611,1023,1023
28.19908700104611,1023,1023
28.19908700104611,1023,1023
28.19908700104611,1023,1023
28.19908700104611,1023,1023
28.19908700104611,1023,1023
28.19908700104611,1023,1023
28.19908700104611,1023,1023
28.19908700104611,1023,1023
28.19908700104611,1023,1023
28.19908700104611,1023,1023
28.19908700104611,1023,1023
28.19908700104611,1023,1023
28.19908700104611,1023,1023
28.19908700104611,1023,1023
28.19908700104611,1023,1023
28.19908700104611,1023,1023
28.19908700104611,1023,1023
28.19908700104611,1023,1023
28.19908700104611,1023,1023
28.19908700104611,1023,1023
28.19908700104611,1023,1023
28.19908700104611,1023,1023
28.19908700104611,1023,1023
28.19908700104611,1023,1023
28.19908700104611,1023,1023
28.19908700104611,1023,1023
28.19908700104611,1023,1023
28.19908700104611,1023,1023
28.19908700104611,1023,1023
28.19908700104611,1023,1023
28.19908700104611,1023,1023
28.19908700104611,1023,1023
28.19908700104611,1023,1023
28.19908700104611,1023,1023
28.19908700104611,1023,1023
28.19908700104611,1023,1023
28.19908700104611,1023,1023
28.19908700104611,1023,1023
28.19908700104611,1023,1023
28.19908700104611,1023,1023
28.19908700104611,1023,1023
28.19908700104611,1023,1023
28.19908700104611,1023,1023
28.19908700104611,1023,1023
28.19908700104611,1023,1023
28.19908700104611,1023,1023
28.19908700104611,1023,1023
28.19908700104611,1023,1023
28.19908700104611,1023,1023
28.19908700104611,1023,1023
28.19908700104611,1023,1023
28.19908700104611,1023,1023
28.19908700104611,1023,1023
28.19908700104611,1023,1023
28.19908700104611,1023,1023
28.19908700104611,1023,1023
28.19908700104611,1023,1023
28.19908700104611,1023,1023
28.19908700104611,1023,1023
28.19908700104611,1023,1023
28.19908700104611,1023,1023
28.19908700104611,1023,1023
28.19908700104611,1023,1023
28.19908700104611,1023,1023
28.19908700104611,1023,1023
28.19908700104611,1023,1023
28.19908700104611,1023,1023
28.19908700104611,1023,1023
28.19908700104611,1023,1023
28.19908700104611,1023,1023
28.19908700104611,1023,1023
28.19908700104611,1023,1023
28.19908700104611,1023,1023
28.19908700104611,1023,1023
28.19908700104611,1023,1023
28.19908700104611,1023,1023
28.19908700104611,1023,1023
28.19908700104611,1023,1023
28.19908700104611,1023,1023
28.19908700104611,1023,1023
28.19908700104611,1023,1023
28.19908700104611,1023,1023
28.19908700104611,1023,1023
28.19908700104611,1023,1023
28.19908700104611,1023,1023
28.19908700104611,1023,1023
28.19908700104611,1023,1023
28.19908700104611,1023,1023
28.19908700104611,1023,1023
28.19908700104611,1023,1023
28.19908700104611,1023,1023
28.19908700104611,1023,1023
28.19908700104611,1023,1023
28.19908700104611,1023,1023
28.19908700104611,1023,1023
28.19908700104611,1023,1023
28.19908700104611,1023,1023
28.19908700104611,1023,1023
28.19908700104611,1023,1023
28.19908700104611,1023,1023
28.19908700104611,1023,1023
28.19908700104611,1023,1023
28.19908700104611,1023,1023
28.19908700104611,1023,1023
28.19908700104611,1023,1023
28.19908700104611,1023,1023
28.19908700104611,1023,1023
28.19908700104611,1023,1023
28.19908700104611,1023,1023
28.19908700104611,1023,1023
28.19908700104611,1023,1023
28.19908700104611,1023,1023
28.19908700104611,1023,1023
28.19908700104611,1023,1023
28.19908700104611,1023,1023
28.19908700104611,1023,1023
28.19908700104611,1023,1023
28.19908700104611,1023,1023
28.19908700104611,1023,1023
28.19908700104611,1023,1023
28.19908700104611,1023,1023
28.19908700104611,1023,1023
28.19908700104611,1023,1023
28.19908700104611,1023,1023
28.19908700104611,1023,1023
28.19908700104611,1023,1023
28.19908700104611,1023,1023
28.19908700104611,1023,1023
28.19908700104611,1023,1023
28.19908700104611,1023,1023
28.19908700104611,1023,1023
28.19908700104611,1023,1023
28.19908700104611,1023,1023
28.19908700104611,1023,1023
28.19908700104611,1023,1023
28.19908700104611,1023,1023
28.19908700104611,1023,1023
28.19908700104611,1023,1023
28.19908700104611,1023,1023
28.19908700104611,1023,1023
28.19908700104611,1023,1023
28.19908700104611,1023,1023
28.19908700104611,1023,1023
28.19908700104611,1023,1023
28.19908700104611,1023,1023
28.19908700104611,1023,1023
28.19908700104611,1023,1023
28.19908700104611,1023,1023
28.19908700104611,1023,1023
28.19908700104611,1023,1023
28.19908700104611,1023,1023
28.19908700104611,1023,1023
28.19908700104611,1023,1023
28.19908700104611,1023,1023
28.19908700104611,1023,1023
28.19908700104611,1023,1023
28.19908700104611,1023,1023
28.19908700104611,1023,1023
28.19908700104611,1023,1023
28.19908700104611,1023,1023
28.19908700104611,1023,1023
28.19908700104611,1023,1023
28.19908700104611,1023,1023
28.19908700104611,1023,1023
28.19908700104611,1023,1023
28.19908700104611,1023,1023
28.19908700104611,1023,1023
28.19908700104611,1023,1023
28.19908700104611,1023,1023
28.19908700104611,1023,1023
28.19908700104611,1023,1023
28.19908700104611,1023,1023
28.19908700104611,1023,1023
28.19908700104611,1023,1023
28.19908700104611,1023,1023
28.19908700104611,1023,1023
28.19908700104611,1023,1023
28.19908700104611,1023,1023
28.19908700104611,1023,1023
28.19908700104611,1023,1023
28.19908700104611,1023,1023
28.19908700104611,1023,1023
28.19908700104611,1023,1023
28.19908700104611,1023,1023
28.19908700104611,1023,1023
28.19908700104611,1023,1023
28.19908700104611,1023,1023
28.19908700104611,1023,1023
28.19908700104611,1023,1023
28.19908700104611,1023,1023
28.19908700104611,1023,1023
28.19908700104611,1023,1023
28.19908700104611,1023,1023
28.19908700104611,1023,1023
28.19908700104611,1023,1023
28.19908700104611,1023,1023
28.19908700104611,1023,1023
28.19908700104611,1023,1023
28.19908700104611,1023,1023
28.19908700104611,1023,1023
28.19908700104611,1023,1023
28.19908700104611,1023,1023
28.19908700104611,1023,1023
28.19908700104611,1023,1023
28.19908700104611,1023,1023
28.19908700104611,1023,1023
28.19908700104611,1023,1023
28.19908700104611,1023,1023
28.19908700104611,1023,1023
28.19908700104611,1023,1023
28.19908700104611,1023,1023
28.19908700104611,1023,1023
28.19908700104611,1023,1023
28.19908700104611,1023,1023
28.19908700104611,1023,1023
28.19908700104611,1023,1023
28.19908700104611,1023,1023
28.19908700104611,1023,1023
28.19908700104611,1023,1023
28.19908700104611,1023,1023
28.19908700104611,1023,1023
28.19908700104611,1023,1023
28.19908700104611,1023,1023
28.19908700104611,1023,1023
28.19908700104611,1023,1023
28.19908700104611,1023,1023
28.19908700104611,1023,1023
28.19908700104611,1023,1023
28.19908700104611,1023,1023
28.19908700104611,1023,1023
28.19908700104611,1023,1023
28.19908700104611,1023,1023
28.19908700104611,1023,1023
28.19908700104611,1023,1023
28.19908700104611,1023,1023
28.19908700104611,1023,1023
28.19908700104611,1023,1023
28.19908700104611,1023,1023
28.19908700104611,1023,1023
28.19908700104611,1023,1023
28.19908700104611,1023,1023
28.19908700104611,1023,1023
28.19908700104611,1023,1023
28.19908700104611,1023,1023
28.19908700104611,1023,1023
28.19908700104611,1023,1023
28.19908700104611,1023,1023
28.19908700104611,1023,1023
28.19908700104611,1023,1023
28.19908700104611,1023,1023
28.19908700104611,1023,1023
28.19908700104611,1023,1023
28.19908700104611,1023,1023
28.19908700104611,1023,1023
28.19908700104611,1023,1023
28.19908700104611,1023,1023
28.19908700104611,1023,1023
28.19908700104611,1023,1023
28.19908700104611,1023,1023
28.19908700104611,1023,1023
28.19908700104611,1023,1023
28.19908700104611,1023,1023
28.19908700104611,1023,1023
28.19908700104611,1023,1023
28.19908700104611,1023,1023
28.19908700104611,1023,1023
28.19908700104611,1023,1023
28.19908700104611,1023,1023
28.19908700104611,1023,1023
28.19908700104611,1023,1023
28.19908700104611,1023,1023
28.19908700104611,1023,1023
28.19908700104611,1023,1023
28.19908700104611,1023,1023
28.19908700104611,1023,1023
28.19908700104611,1023,1023
28.19908700104611,1023,1023
28.19908700104611,1023,1023
28.19908700104611,1023,1023
28.19908700104611,1023,1023
28.19908700104611,1023,1023
28.19908700104611,1023,1023
28.19908700104611,1023,1023
28.19908700104611,1023,1023
28.19908700104611,1023,1023
28.19908700104611,1023,1023
28.19908700104611,1023,1023
28.19908700104611,1023,1023
28.19908700104611,1023,1023
28.19908700104611,1023,1023
28.19908700104611,1023,1023
28.19908700104611,1023,1023
28.19908700104611,1023,1023
28.19908700104611,1023,1023
28.19908700104611,1023,1023
28.19908700104611,1023,1023
28.19908700104611,1023,1023
28.19908700104611,1023,1023
28.19908700104611,1023,1023
28.19908700104611,1023,1023
28.19908700104611,1023,1023
28.19908700104611,1023,1023
28.19908700104611,1023,1023
28.19908700104611,1023,1023
28.19908700104611,1023,1023
28.19908700104611,1023,1023
28.19908700104611,1023,1023
28.19908700104611,1023,1023
28.19908700104611,1023,1023
28.19908700104611,1023,1023
28.19908700104611,1023,1023
28.19908700104611,1023,1023
28.19908700104611,1023,1023
28.19908700104611,1023,1023
28.19908700104611,1023,1023
28.19908700104611,1023,1023
28.19908700104611,1023,1023
28.19908700104611,1023,1023
28.19908700104611,1023,1023
28.19908700104611,1023,1023
28.19908700104611,1023,1023
28.19908700104611,1023,1023
28.19908700104611,1023,1023
28.19908700104611,1023,1023
28.19908700104611,1023,1023
28.19908700104611,1023,1023
28.19908700104611,1023,1023
28.19908700104611,1023,1023
28.19908700104611,1023,1023
28.19908700104611,1023,1023
28.19908700104611,1023,1023
28.19908700104611,1023,1023
28.19908700104611,1023,1023
28.19908700104611,1023,1023
28.19908700104611,1023,1023
28.19908700104611,1023,1023
28.19908700104611,1023,1023
28.19908700104611,1023,1023
28.19908700104611,1023,1023
28.19908700104611,1023,1023
28.19908700104611,1023,1023
28.19908700104611,1023,1023
28.19908700104611,1023,1023
28.19908700104611,1023,1023
28.19908700104611,1023,1023
28.19908700104611,1023,1023
28.19908700104611,1023,1023
28.19908700104611,1023,1023
28.19908700104611,1023,1023
28.19908700104611,1023,1023
28.19908700104611,1023,1023
28.19908700104611,1023,1023
28.19908700104611,1023,1023
28.19908700104611,1023,1023
28.19908700104611,1023,1023
28.19908700104611,1023,1023
28.19908700104611,1023,1023
28.19908700104611,1023,1023
28.19908700104611,1023,1023
28.19908700104611,1023,1023
28.19908700104611,1023,1023
28.19908700104611,1023,1023
28.19908700104611,1023,1023
28.19908700104611,1023,1023
28.19908700104611,1023,1023
28.19908700104611,1023,1023
28.19908700104611,1023,1023
28.19908700104611,1023,1023
28.19908700104611,1023,1023
28.19908700104611,1023,1023
28.19908700104611,1023,1023
28.19908700104611,1023,1023
28.19908700104611,1023,1023
28.19908700104611,1023,1023
28.19908700104611,1023,1023
28.19908700104611,1023,1023
28.19908700104611,1023,1023
28.19908700104611,1023,1023
28.19908700104611,1023,1023
28.19908700104611,1023,1023
28.19908700104611,1023,1023
28.19908700104611,1023,1023
28.19908700104611,1023,1023
28.19908700104611,1023,1023
28.19908700104611,1023,1023
28.19908700104611,1023,1023
28.19908700104611,1023,1023
28.19908700104611,1023,1023
28.19908700104611,1023,1023
28.19908700104611,1023,1023
28.19908700104611,1023,1023
28.19908700104611,1023,1023
28.19908700104611,1023,1023
28.19908700104611,1023,1023
28.19908700104611,1023,1023
28.19908700104611,1023,1023
28.19908700104611,1023,1023
28.19908700104611,1023,1023
28.19908700104611,1023,1023
28.19908700104611,1023,1023
28.19908700104611,1023,1023
28.19908700104611,1023,1023
28.19908700104611,1023,1023
28.19908700104611,1023,1023
28.19908700104611,1023,1023
28.19908700104611,1023,1023
28.19908700104611,1023,1023
28.19908700104611,1023,1023
28.19908700104611,1023,1023
28.19908700104611,1023,1023
28.19908700104611,1023,1023
28.19908700104611,1023,1023
28.19908700104611,1023,1023
28.19908700104611,1023,1023
28.19908700104611,1023,1023
28.19908700104611,1023,1023
28.19908700104611,1023,1023
28.19908700104611,1023,1023
28.19908700104611,1023,1023
28.19908700104611,1023,1023
28.19908700104611,1023,1023
28.19908700104611,1023,1023
28.19908700104611,1023,1023
28.19908700104611,1023,1023
28.19908700104611,1023,1023
28.19908700104611,1023,1023
28.19908700104611,1023,1023
28.19908700104611,1023,1023
28.19908700104611,1023,1023
28.19908700104611,1023,1023
28.19908700104611,1023,1023
28.19908700104611,1023,1023
28.19908700104611,1023,1023
28.19908700104611,1023,1023
28.19908700104611,1023,1023
28.19908700104611,1023,1023
28.19908700104611,1023,1023
28.19908700104611,1023,1023
28.19908700104611,1023,1023
28.19908700104611,1023,1023
28.19908700104611,1023,1023
28.19908700104611,1023,1023
28.19908700104611,1023,1023
28.19908700104611,1023,1023
28.19908700104611,1023,1023
28.19908700104611,1023,1023
28.19908700104611,1023,1023
28.19908700104611,1023,1023
28.19908700104611,1023,1023
28.19908700104611,1023,1023
28.19908700104611,1023,1023
28.19908700104611,1023,1023
28.19908700104611,1023,1023
28.19908700104611,1023,1023
28.19908700104611,1023,1023
28.19908700104611,1023,1023
28.19908700104611,1023,1023
28.19908700104611,1023,1023
28.19908700104611,1023,1023
28.19908700104611,1023,1023
28.19908700104611,1023,1023
28.19908700104611,1023,1023
28.19908700104611,1023,1023
28.19908700104611,1023,1023
28.19908700104611,1023,1023
28.19908700104611,1023,1023
28.19908700104611,1023,1023
28.19908700104611,1023,1023
28.19908700104611,1023,1023
28.19908700104611,1023,1023
28.19908700104611,1023,1023
28.19908700104611,1023,1023
28.19908700104611,1023,1023
28.19908700104611,1023,1023
28.19908700104611,1023,1023
28.19908700104611,1023,1023
28.19908700104611,1023,1023
28.19908700104611,1023,1023
28.19908700104611,1023,1023
28.19908700104611,1023,1023
28.19908700104611,1023,1023
28.19908700104611,1023,1023
28.19908700104611,1023,1023
28.19908700104611,1023,1023
28.19908700104611,1023,1023
28.19908700104611,1023,1023
28.19908700104611,1023,1023
28.19908700104611,1023,1023
28.19908700104611,1023,1023
28.19908700104611,1023,1023
28.19908700104611,1023,1023
28.19908700104611,1023,1023
28.19908700104611,1023,1023
28.19908700104611,1023,1023
28.19908700104611,1023,1023
28.19908700104611,1023,1023
28.19908700104611,1023,1023
28.19908700104611,1023,1023
28.19908700104611,1023,1023
28.19908700104611,1023,1023
28.19908700104611,1023,1023
28.19908700104611,1023,1023
28.19908700104611,1023,1023
28.19908700104611,1023,1023
28.19908700104611,1023,1023
28.19908700104611,1023,1023
28.19908700104611,1023,1023
28.19908700104611,1023,1023
28.19908700104611,1023,1023
28.19908700104611,1023,1023
28.19908700104611,1023,1023
28.19908700104611,1023,1023
28.19908700104611,1023,1023
28.19908700104611,1023,1023
28.19908700104611,1023,1023
28.19908700104611,1023,1023
28.19908700104611,1023,1023
28.19908700104611,1023,1023
28.19908700104611,1023,1023
28.19908700104611,1023,1023
28.19908700104611,1023,1023
28.19908700104611,1023,1023
28.19908700104611,1023,1023
28.19908700104611,1023,1023
28.19908700104611,1023,1023
28.19908700104611,1023,1023
28.19908700104611,1023,1023
28.19908700104611,1023,1023
28.19908700104611,1023,1023
28.19908700104611,1023,1023
28.19908700104611,1023,1023
28.19908700104611,1023,1023
28.19908700104611,1023,1023
28.19908700104611,1023,1023
28.19908700104611,1023,1023
28.19908700104611,1023,1023
28.19908700104611,1023,1023
28.19908700104611,1023,1023
28.19908700104611,1023,1023
28.19908700104611,1023,1023
28.19908700104611,1023,1023
28.19908700104611,1023,1023
28.19908700104611,1023,1023
28.19908700104611,1023,1023
28.19908700104611,1023,1023
28.19908700104611,1023,1023
28.19908700104611,1023,1023
28.19908700104611,1023,1023
28.19908700104611,1023,1023
28.19908700104611,1023,1023
28.19908700104611,1023,1023
28.19908700104611,1023,1023
28.19908700104611,1023,1023
28.19908700104611,1023,1023
28.19908700104611,1023,1023
28.19908700104611,1023,1023
28.19908700104611,1023,1023
28.19908700104611,1023,1023
28.19908700104611,1023,1023
28.19908700104611,1023,1023
28.19908700104611,1023,1023
28.19908700104611,1023,1023
28.19908700104611,1023,1023
28.19908700104611,1023,1023
28.19908700104611,1023,1023
28.19908700104611,1023,1023
28.19908700104611,1023,1023
28.19908700104611,1023,1023
28.19908700104611,1023,1023
28.19908700104611,1023,1023
28.19908700104611,1023,1023
28.19908700104611,1023,1023
28.19908700104611,1023,1023
28.19908700104611,1023,1023
28.19908700104611,1023,1023
28.19908700104611,1023,1023
28.19908700104611,1023,1023
28.19908700104611,1023,1023
28.19908700104611,1023,1023
28.19908700104611,1023,1023
28.19908700104611,1023,1023
28.19908700104611,1023,1023
28.19908700104611,1023,1023
28.19908700104611,1023,1023
28.19908700104611,1023,1023
28.19908700104611,1023,1023
28.19908700104611,1023,1023
28.19908700104611,1023,1023
28.19908700104611,1023,1023
28.19908700104611,1023,1023
28.19908700104611,1023,1023
28.19908700104611,1023,1023
28.19908700104611,1023,1023
28.19908700104611,1023,1023
28.19908700104611,1023,1023
28.19908700104611,1023,1023
28.19908700104611,1023,1023
28.19908700104611,1023,1023
28.19908700104611,1023,1023
28.19908700104611,1023,1023
28.19908700104611,1023,1023
28.19908700104611,1023,1023
28.19908700104611,1023,1023
28.19908700104611,1023,1023
28.19908700104611,1023,1023
28.19908700104611,1023,1023
28.19908700104611,1023,1023
28.19908700104611,1023,1023
28.19908700104611,1023,1023
28.19908700104611,1023,1023
28.19908700104611,1023,1023
28.19908700104611,1023,1023
28.19908700104611,1023,1023
28.19908700104611,1023,1023
28.19908700104611,1023,1023
28.19908700104611,1023,1023
28.19908700104611,1023,1023
28.19908700104611,1023,1023
28.19908700104611,1023,1023
28.19908700104611,1023,1023
28.19908700104611,1023,1023
28.19908700104611,1023,1023
28.19908700104611,1023,1023
28.19908700104611,1023,1023
28.19908700104611,1023,1023
28.19908700104611,1023,1023
28.19908700104611,1023,1023
28.19908700104611,1023,1023
28.19908700104611,1023,1023
28.19908700104611,1023,1023
28.19908700104611,1023,1023
28.19908700104611,1023,1023
28.19908700104611,1023,1023
28.19908700104611,1023,1023
28.19908700104611,1023,1023
28.19908700104611,1023,1023
28.19908700104611,1023,1023
28.19908700104611,1023,1023
28.19908700104611,1023,1023
28.19908700104611,1023,1023
28.19908700104611,1023,1023
28.19908700104611,1023,1023
28.19908700104611,1023,1023
28.19908700104611,1023,1023
28.19908700104611,1023,1023
28.19908700104611,1023,1023
28.19908700104611,1023,1023
28.19908700104611,1023,1023
28.19908700104611,1023,1023
28.19908700104611,1023,1023
28.19908700104611,1023,1023
28.19908700104611,1023,1023
28.19908700104611,1023,1023
28.19908700104611,1023,1023
28.19908700104611,1023,1023
